:Product: Daily Solar Data 2001_DSD.txt
#
#  Prepared by the U.S. Dept. of Commerce, NOAA, Space Environment Center.
#  Please send comments and suggestions to sec@sec.noaa.gov
#
#                           2001 Daily Solar Data
#
#                         Sunspot       Stanford GOES8
#           Radio  SESC     Area          Solar  X-Ray  ------ Flares ------
#           Flux  Sunspot  10E-6   New     Mean  Bkgd    X-Ray      Optical
#  Date     10.7cm Number  Hemis. Regions Field  Flux   C  M  X  S  1  2  3
#---------------------------------------------------------------------------
2001 01 01  171    119     1190      2    -999   B4.9   7  0  0  4  0  0  0
2001 01 02  176    143     1060      2    -999   B5.4   4  0  0  0  0  0  0
2001 01 03  170    128      930      0    -999   B6.5   9  1  0  3  0  0  0
2001 01 04  175    180      900      5    -999   C3.9   4  0  0  3  0  0  0
2001 01 05  176    158     1040      1    -999   B6.9   7  0  0  4  0  0  0
2001 01 06  179    172     1060      1    -999   B6.0   4  0  0  3  0  0  0
2001 01 07  177    183      890      2    -999   C1.0   5  0  0  0  0  0  0
2001 01 08  167    167      780      1    -999   B7.4   5  0  0  4  0  0  0
2001 01 09  166    140      560      1    -999   B7.3   5  1  0  3  1  0  0
2001 01 10  163    139      480      1    -999   C1.7   6  1  0  4  2  0  0
2001 01 11  166    173      590      1    -999   B8.0   5  0  0  3  0  0  0
2001 01 12  178    173      710      0    -999   B5.6   6  0  0  3  0  0  0
2001 01 13  184    146      860      0    -999   B6.7   5  0  0  5  0  0  0
2001 01 14  176    181      890      1    -999   B7.7   7  0  0  3  0  0  0
2001 01 15  169    154      720      1    -999   B6.7   8  0  0  4  0  0  0
2001 01 16  162    115      540      1    -999   B5.5   6  0  0  1  0  0  0
2001 01 17  152     71      270      0    -999   B7.9   8  0  0  4  0  0  0
2001 01 18  152     99      310      2    -999   B5.8   3  0  0  0  0  0  0
2001 01 19  153    134      520      3    -999   B4.8   1  1  0  4  0  0  0
2001 01 20  153     91      520      1    -999   B7.3   5  2  0  0  0  2  0
2001 01 21  152    108      500      3    -999   B7.3   3  1  0  7  0  0  0
2001 01 22  162    108      570      0    -999   B6.2   2  0  0  3  0  0  0
2001 01 23  167    178      610      3    -999   B5.6   3  0  0  5  0  0  0
2001 01 24  173    186      750      0    -999   C1.1  15  1  0 14  1  1  0
2001 01 25  169    163      540      1    -999   B5.2  15  0  0  3  0  0  0
2001 01 26  166    157      580      1    -999   B5.4   5  1  0  5  1  0  0
2001 01 27  167    134      580      1    -999   B5.9   8  0  0  2  0  0  0
2001 01 28  168    124      470      1    -999   B8.1   4  1  0  6  1  0  0
2001 01 29  165    142      380      1    -999   B7.8   4  0  0  2  0  0  0
2001 01 30  160    128      470      3    -999   B5.9   4  0  0  3  0  0  0
2001 01 31  153    130      430      0    -999   B7.4   1  0  0  0  0  0  0
2001 02 01  161    141      550      2    -999   B7.3   5  0  0  8  0  0  0
2001 02 02  166    109      450      0    -999   B7.2   3  1  0  0  1  0  0
2001 02 03  164    149      570      3    -999   C2.4   1  0  0  0  0  0  0
2001 02 04  164    164      690      2    -999   B9.8   9  0  0  9  0  0  0
2001 02 05  165    157      650      1    -999   B5.5   3  0  0  4  1  0  0
2001 02 06  170    161      670      2    -999   C1.0   3  0  0  0  0  0  0
2001 02 07  164    163      660      1    -999   B5.5   1  0  0  0  0  0  0
2001 02 08  157    168      540      2    -999   B4.4   1  0  0  1  0  0  0
2001 02 09  162    179      700      2    -999   B4.4   5  0  0  5  0  0  0
2001 02 10  161    172      550      2    -999   B7.6   5  0  0  3  0  0  0
2001 02 11  151    169      560      1    -999   B5.0   2  0  0  3  1  0  0
2001 02 12  145    106      470      0    -999   B3.3   2  0  0  1  0  0  0
2001 02 13  141    113      410      0    -999   B3.4   1  0  0  2  0  0  0
2001 02 14  138     99      430      0    -999   B2.8   1  0  0  1  0  0  0
2001 02 15  135    113      470      2    -999   B3.0   0  0  0  0  0  0  0
2001 02 16  130    133      380      2    -999   B3.2   0  0  0  0  0  0  0
2001 02 17  130     95      230      0    -999   B1.9   0  0  0  0  0  0  0
2001 02 18  132    143      340      4    -999   B2.1   1  0  0  0  0  0  0
2001 02 19  137    147      310      0    -999   B3.3   1  0  0  2  0  0  0
2001 02 20  146    119      430      1    -999   B5.4   4  0  0  3  0  0  0
2001 02 21  144    119      470      1    -999   B3.5   4  0  0  3  0  0  0
2001 02 22  146    135      520      1    -999   B3.9   1  0  0  5  0  0  0
2001 02 23  145    135      530      0    -999   B3.4   3  0  0  3  0  0  0
2001 02 24  137     99      580      0    -999   B6.1   1  0  0  0  0  0  0
2001 02 25  135    111      480      1    -999   B2.8   0  0  0  1  0  0  0
2001 02 26  135     91      370      0    -999   B4.1   2  0  0  1  0  0  0
2001 02 27  131     90      200      1    -999   B5.1   2  0  0  1  0  0  0
2001 02 28  132     88      180      2    -999   B2.4   0  0  0  0  0  0  0
2001 03 01  131     59       80      0    -999   B2.3   1  0  0  1  0  0  0
2001 03 02  130     77      140      3    -999   B2.1   0  0  0  0  0  0  0
2001 03 03  140    138      330      2    -999   B3.2   0  0  0  7  0  0  0
2001 03 04  141    157      460      1    -999   B4.5   2  0  0  1  0  0  0
2001 03 05  156    143      580      0    -999   B3.2   8  0  0  4  0  0  0
2001 03 06  158    131      960      0    -999   B5.5  15  0  0  7  0  0  0
2001 03 07  177    102     1230      0    -999   C1.4  10  0  0  9  1  0  0
2001 03 08  167     98     1070      0    -999   B9.8   6  1  0  1  1  0  0
2001 03 09  161    113      730      2    -999   C1.2   8  2  0  7  2  0  0
2001 03 10  160    131      820      2    -999   C1.0  13  1  0 15  1  0  0
2001 03 11  158    139      740      2    -999   B6.0   6  0  0  5  0  0  0
2001 03 12  158    174      680      3    -999   B6.1   6  0  0  7  0  0  0
2001 03 13  147    110      280      1    -999   B5.1   2  0  0  1  0  0  0
2001 03 14  142    159      270      3    -999   B3.9   0  0  0  1  0  0  0
2001 03 15  136    126      390      0    -999   B3.2   3  0  0  9  0  0  0
2001 03 16  140     86      410      0    -999   B5.4   5  0  0  5  0  0  0
2001 03 17  134     90      430      1    -999   B2.7   2  0  0  2  0  0  0
2001 03 18  140     91      280      1    -999   B2.8   6  0  0 10  0  0  0
2001 03 19  147     85      420      1    -999   B5.2   3  0  0  4  0  0  0
2001 03 20  153     98      540      3    -999   B8.2   5  5  0  7  1  0  0
2001 03 21  159    136      940      2    -999   B9.6   7  1  0  4  0  0  0
2001 03 22  183    129      770      0    -999   C1.6   4  3  0  3  0  0  0
2001 03 23  180    145     1210      3    -999   C1.6   7  0  0 11  0  0  0
2001 03 24  219    204     1760      5    -999   B9.4   8  3  0 28  1  1  0
2001 03 25  217    276     1870      2    -999   C2.6   5  2  0 13  2  1  0
2001 03 26  264    339     2290      1    -999   C1.4   5  2  0 24  2  0  0
2001 03 27  273    291     2830      1    -999   C2.1   9  1  0 34  1  0  0
2001 03 28  274    352     3830      4    -999   C2.8   6  6  0 19  5  0  0
2001 03 29  262    315     3940      0    -999   C3.8   8  7  1 22  2  0  0
2001 03 30  257    349     3620      4    -999   C3.4   9  2  0 24  2  0  0
2001 03 31  246    326     3100      0    -999   C2.8   7  1  0 17  0  0  0
2001 04 01  258    320     2830      1    -999   C2.4   2  4  0 20  2  0  0
2001 04 02  228    223     2780      1    -999   C6.5   2  4  3 12  3  0  0
2001 04 03  223    228     2600      3    -999   M2.0   3  2  1  8  1  1  0
2001 04 04  205    217     1950      2    -999   C2.6   5  3  0  7  3  0  0
2001 04 05  210    214     1810      1    -999   C1.7   1  5  0  8  0  1  0
2001 04 06  192    136     1790      0    -999   C3.3   3  0  1  6  0  0  0
2001 04 07  180    153     1640      2    -999   C1.5   5  0  0  2  0  0  0
2001 04 08  169    188     1500      2    -999   B6.2   0  0  0  1  0  0  0
2001 04 09  165    185     1420      1    -999   C1.0   4  1  0  7  0  1  0
2001 04 10  170    170      930      0    -999   B4.7   5  0  1  4  0  0  1
2001 04 11  160    178     1050      2    -999   B7.9   8  2  0  6  1  1  0
2001 04 12  149    159     1030      0    -999   B8.1   2  1  1  2  1  0  0
2001 04 13  137    138      870      0    -999   B3.3   0  0  0  0  0  0  0
2001 04 14  139    149      850      2    -999   B5.1   5  1  0  7  0  0  0
2001 04 15  134    100      730      0    -999   B5.5   7  0  1  3  0  1  0
2001 04 16  123    107      330      1    -999   B6.9   4  1  0  1  0  0  0
2001 04 17  126     89      160      1    -999   B5.1   6  1  0  0  0  0  0
2001 04 18  132     63      280      2    -999   B5.7   3  0  0  0  0  0  0
2001 04 19  145     85      770      2    -999   B5.5   2  1  0  3  0  0  0
2001 04 20  180    103      890      0    -999   B5.4   8  2  0  2  3  0  0
2001 04 21  191    156     1430      2    -999   B6.4   6  0  0  6  0  0  0
2001 04 22  193    164     1380      0    -999   C1.1  13  1  0  9  1  0  0
2001 04 23  196    140     1420      0    -999   B8.1   6  2  0  5  1  1  0
2001 04 24  194    175     1520      1    -999   B6.3   5  5  0  9  5  0  0
2001 04 25  194    182     1530      1    -999   C1.5   9  1  0 16  0  1  0
2001 04 26  196    193     1410      3    -999   B8.2   4  1  0  7  0  1  0
2001 04 27  191    181     1530      1    -999   C1.2   5  1  0 16  1  0  0
2001 04 28  188    173     1480      2    -999   B8.8   6  0  0  6  1  0  0
2001 04 29  192    161     1400      1    -999   C1.0  10  0  0 10  0  0  0
2001 04 30  188    178     1250      1    -999   B9.0   8  0  0 14  0  0  0
2001 05 01  210    152     1230      1    -999   B7.1   6  1  0 13  0  0  0
2001 05 02  176    179     1180      1    -999   C1.3   5  1  0  9  1  0  0
2001 05 03  172    157      830      0    -999   B8.2   6  0  0 11  0  0  0
2001 05 04  176    186     1150      2    -999   B9.3   3  0  0  6  0  0  0
2001 05 05  161    151     1080      0    -999   B7.1   1  1  0  3  1  0  0
2001 05 06  155    120      700      0    -999   B4.0   2  0  0  2  0  0  0
2001 05 07  138    103      610      1    -999   B3.1   4  0  0  3  0  0  0
2001 05 08  129     88      440      0    -999   C1.0   2  0  0  0  1  0  0
2001 05 09  129     98      440      1    -999   B4.4   2  0  0  3  0  0  0
2001 05 10  130     94      650      1    -999   B8.6   3  0  0  1  0  0  0
2001 05 11  137     96      810      1    -999   B3.2   4  0  0  1  0  0  0
2001 05 12  138    127      900      1    -999   B3.7   5  1  0  8  2  0  0
2001 05 13  139    119      840      1    -999   B7.7   7  1  0  7  1  0  0
2001 05 14  138    149      720      3    -999   B3.0   4  0  0  5  0  0  0
2001 05 15  142    146      690      1    -999   B4.2   5  1  0  4  1  0  0
2001 05 16  138    125      680      0    -999   C1.0   7  1  0  7  0  0  0
2001 05 17  147    137      760      1    -999   B5.7  16  1  0  9  3  0  0
2001 05 18  138    109      490      1    -999   B6.4   6  0  0  0  0  0  0
2001 05 19  141     92      620      1    -999   B6.3   8  0  0  0  0  0  0
2001 05 20  142     99      800      1    -999   B8.0   8  2  0  0  0  0  0
2001 05 21  150    118      880      3    -999   B4.1   5  0  0  2  1  0  0
2001 05 22  152    159      790      2    -999   B4.5   1  0  0  2  0  0  0
2001 05 23  159    192     1210      2    -999   B6.0   5  0  0  3  0  0  0
2001 05 24  170    171     1160      0    -999   B5.3   4  1  0  2  1  0  0
2001 05 25  162    146      770      0    -999   B4.6   7  0  0 11  1  0  0
2001 05 26  147    167     1030      3    -999   B4.2   2  0  0  2  0  0  0
2001 05 27  147    189      910      3    -999   B3.2   0  0  0  0  0  0  0
2001 05 28  143    190      870      3    -999   B3.9   2  0  0  0  0  0  0
2001 05 29  139    131      660      0    -999   B3.5   2  0  0  2  0  0  0
2001 05 30  132    105      360      1    -999   B3.5   0  0  0  1  0  0  0
2001 05 31  133     93      300      0    -999   B4.9   4  0  0  2  0  0  0
2001 06 01  133    120      360      3    -999   B4.8   4  0  0  5  0  0  0
2001 06 02  134    141      630      2    -999   B7.9   5  0  0  5  0  0  0
2001 06 03  145    143      940      1    -999   B4.9   5  0  0  7  1  0  0
2001 06 04  154    125     1080      0    -999   C1.0   7  2  0  7  2  0  0
2001 06 05  153    160     1250      3    -999   B5.6   3  1  0  2  0  1  0
2001 06 06  158    170     1170      2    -999   B4.6   9  0  0 17  1  1  0
2001 06 07  165    163     1280      0    -999   B6.6   8  0  0  4  0  0  0
2001 06 08  180    179     1340      2    -999   B7.9  12  1  0  5  2  0  0
2001 06 09  177    250     1480      1    -999   C1.7  18  0  0 22  1  0  0
2001 06 10  163    217     1430      2    -999   C1.0  17  0  0 16  0  0  0
2001 06 11  162    249     1660      3    -999   B9.3   9  0  0  4  0  0  0
2001 06 12  166    193     1240      1    -999   B9.0  12  0  0  5  1  0  0
2001 06 13  181    221     1440      2    -999   C1.8  11  2  0 12  2  0  0
2001 06 14  195    273     1840      2    -999   C1.5   5  0  0  6  0  0  0
2001 06 15  197    264     1850      1    -999   C1.1   7  1  0  9  2  0  0
2001 06 16  208    276     2550      1    -999   C1.4   8  0  0  9  0  0  0
2001 06 17  205    289     2110      0    -999   C1.2   6  0  0  2  0  0  0
2001 06 18  221    220     1540      0    -999   B8.1   6  1  0  9  1  2  0
2001 06 19  195    222     1550      1    -999   C1.3   2  0  0  2  0  0  0
2001 06 20  199    232     1390      2    -999   C1.4   4  0  0  1  1  0  0
2001 06 21  200    212     1260      2    -999   C1.2  11  0  0  5  0  0  0
2001 06 22  204    203     1390      1    -999   C1.3   5  3  0  9  3  0  0
2001 06 23  206    228     1590      2    -999   C1.5   7  2  1 24  4  0  0
2001 06 24  195    212     1570      0    -999   C1.5   7  0  0  5  0  0  0
2001 06 25  182    220     1320      1    -999   C1.0   8  0  0  6  1  0  0
2001 06 26  168    177      990      0    -999   C1.0   3  0  0  6  0  0  0
2001 06 27  148    185      820      3    -999   B8.8   7  0  0  9  0  0  0
2001 06 28  140    143      460      2    -999   B6.5   2  0  0  5  0  0  0
2001 06 29  140     98      340      1    -999   B4.0   3  0  0  1  0  0  0
2001 06 30  137    115      400      2    -999   B4.0   0  0  0  0  0  0  0
2001 07 01  135    108      460      2    -999   B3.8   1  0  0  9  1  0  0
2001 07 02  134    130      480      1    -999   B3.4  -1 -1 -1  5  0  0  0
2001 07 03  132    132      550      1    -999   B3.1   0  0  0  5  0  0  0
2001 07 04  127    106      540      0    -999   B2.7   0  0  0  1  0  0  0
2001 07 05  120    101      340      0    -999   B3.7   0  0  0  1  0  0  0
2001 07 06  116     68      260      1    -999   B2.1   0  0  0  2  0  0  0
2001 07 07  118     77      250      0    -999   B1.9   1  0  0  1  0  0  0
2001 07 08  126    101      270      2    -999   B2.0   6  0  0  1  0  0  0
2001 07 09  130    109      380      1    -999   B7.3   5  0  0  6  0  0  0
2001 07 10  130    116      420      2    -999   B3.1   0  0  0  7  0  0  0
2001 07 11  132    115      410      3    -999   B3.3   2  0  0  3  0  0  0
2001 07 12  134    119      510      1    -999   B6.0   0  0  0  7  1  0  0
2001 07 13  133    146      660      2    -999   B3.6   0  0  0  2  0  0  0
2001 07 14  141    161      720      0    -999   B3.4   5  1  0  9  1  0  0
2001 07 15  142    142      860      2    -999   B7.0   4  0  0  7  0  0  0
2001 07 16  150    179     1100      3    -999   B4.3   8  1  0  8  1  0  0
2001 07 17  146    191     1150      0    -999   B5.0   3  0  0 27  0  0  1
2001 07 18  143    193     1020      4    -999   B4.8   3  0  0 15  0  0  0
2001 07 19  142    180      950      1    -999   B3.8   2  1  0 16  0  0  0
2001 07 20  143    193      980      0    -999   B3.4   3  0  0 24  1  0  0
2001 07 21  139    153      670      0    -999   B4.0   2  0  0  8  5  1  0
2001 07 22  140    153      910      0    -999   B3.6   0  0  0 11  1  1  0
2001 07 23  143    143      660      2    -999   B3.4   8  0  0  6  2  1  0
2001 07 24  133    143      660      2    -999   B6.6   3  0  0  4  0  0  0
2001 07 25  133     96      540      1    -999   B4.0   2  0  0 13  1  1  0
2001 07 26  123    115      690      2    -999   B4.0   0  0  0  7  0  0  0
2001 07 27  121     96      460      1    -999   B3.2   2  0  0 20  2  0  0
2001 07 28  116     88      270      0    -999   B5.9   2  0  0 16  1  1  0
2001 07 29  117     59      190      1    -999   B2.7   4  0  0 18  0  0  0
2001 07 30  115     64      330      2    -999   B2.4   2  0  0  8  1  0  0
2001 07 31  117     85      450      1    -999   B2.5   3  0  0 26  0  0  0
2001 08 01  120    108      380      3    -999   B2.2   3  0  0 10  1  3  0
2001 08 02  121    113      440      0    -999   B1.9   8  0  0 12  2  0  0
2001 08 03  132    140      400      2    -999   B3.0   8  1  0 16  0  0  0
2001 08 04  148    182      790      0    -999   B4.1   8  0  0  9  0  0  0
2001 08 05  156    214     1300      2    -999   B6.8  19  2  0 14  0  0  0
2001 08 06  164    182     1440      1    -999   B6.4  10  0  0 11  0  0  0
2001 08 07  166    177     1750      1    -999   B8.9  23  1  0  4  2  0  0
2001 08 08  167    191     1530      1    -999   B8.7  12  0  0 17  3  1  0
2001 08 09  163    157     1430      0    -999   C1.3  12  0  0  9  3  2  0
2001 08 10  160    119     1090      1    -999   C1.0  13  0  0  8  1  0  0
2001 08 11  165    151     1390      2    -999   B6.9  12  0  0 12  0  0  0
2001 08 12  160    196     1410      2    -999   B6.9   7  0  0  9  0  0  0
2001 08 13  152    141      960      0    -999   B9.7   2  0  0 17  0  0  0
2001 08 14  147    133      870      2    -999   B5.9   4  0  0 25  1  0  0
2001 08 15  147    155      840      2    -999   B4.8   2  0  0 16  0  0  0
2001 08 16  143    171      870      3    -999   B3.9   1  0  0 24  1  1  0
2001 08 17  145    158      540      2    -999   B4.3   2  0  0 23  2  0  0
2001 08 18  156    148      720      0    -999   B5.9  10  0  0 17  0  0  0
2001 08 19  158    142      800      1    -999   B6.5   1  0  0 20  0  0  0
2001 08 20  156    172      900      2    -999   B8.1   4  0  0 25  5  1  0
2001 08 21  160    169      950      1    -999   C1.1   6  1  0 11  1  0  0
2001 08 22  162    183     1190      1    -999   C1.2  14  1  0 21  0  0  0
2001 08 23  170    194     1560      1    -999   C2.7  10  0  0  0  0  0  0
2001 08 24  175    187     1260      2    -999   C1.0  10  3  0  0  0  0  0
2001 08 25  199    132     1300      1    -999   C7.2  17  2  1  0  0  0  0
2001 08 26  190    139     1400      1    -999   C2.0   7  1  0  0  0  0  0
2001 08 27  192    182     1670      4    -999   C1.4  11  1  0  0  0  0  0
2001 08 28  199    189     1540      0    -999   C2.5  16  3  0  0  0  0  0
2001 08 29  197    136     1710      0    -999   C1.4  11  2  0  0  0  0  0
2001 08 30  199    138     1740      0    -999   C1.2   9  2  0  0  0  0  0
2001 08 31  189    142     1680      0    -999   B8.7   4  2  0  0  0  0  0
2001 09 01  184    153     1480      1    -999   B7.5   5  0  0  0  0  0  0
2001 09 02  183    141     1360      1    -999   B7.4  11  3  0  0  0  0  0
2001 09 03  199    168     1310      3    -999   C1.2   5  2  0  0  0  0  0
2001 09 04  218    168     1760      1    -999   C2.0   5  3  0  0  0  0  0
2001 09 05  218    175     1920      1    -999   C3.7   6  3  0  0  0  0  0
2001 09 06  222    204     2500      2    -999   C5.0   4  0  0  0  0  0  0
2001 09 07  226    288     2660      3    -999   C3.0   6  1  0  0  0  0  0
2001 09 08  250    281     2570      2    -999   C2.4   7  2  0  0  0  0  0
2001 09 09  236    291     2460      0    -999   C1.8   8  6  0  0  0  0  0
2001 09 10  245    217     2491      0    -999   C1.7  10  0  0  0  0  0  0
2001 09 11  250    180     2380      1    -999   C2.8   9  3  0  0  0  0  0
2001 09 12  235    228     2550      1    -999   C1.9   7  1  0  0  0  0  0
2001 09 13  240    223     2200      2    -999   C1.7   9  0  0  0  0  0  0
2001 09 14  237    216     2020      0    -999   C2.0   6  1  0  0  0  0  0
2001 09 15  219    183     1700      0    -999   C2.0   7  2  0  0  0  0  0
2001 09 16  207    169     1470      2    -999   C1.6  15  1  0  0  0  0  0
2001 09 17  199    159     1290      3    -999   C2.0  11  4  0  0  0  0  0
2001 09 18  204    215     1340      4    -999   C1.7  12  4  0  0  0  0  0
2001 09 19  199    224     1380      1    -999   C1.5   5  0  0  0  0  0  0
2001 09 20  227    276     2160      3    -999   C1.8   9  1  0  0  0  0  0
2001 09 21  239    258     2260      0    -999   C1.5   6  0  0  0  0  0  0
2001 09 22  255    293     2520      2    -999   C1.6   9  0  0  0  0  0  0
2001 09 23  259    275     2820      1    -999   C2.2   7  1  0  0  0  0  0
2001 09 24  279    315     3160      2    -999   C1.8   8  0  1  0  0  0  0
2001 09 25  275    320     2860      1    -999   C2.5   3  3  0  0  0  0  0
2001 09 26  283    278     2810      1    -999   C1.9   3  1  0  0  0  0  0
2001 09 27  270    279     2670      2    -999   C1.8   1  1  0  0  0  0  0
2001 09 28  266    234     2230      0    -999   C1.9   7  4  0  0  0  0  0
2001 09 29  240    233     2280      1    -999   C2.9   3  1  0  0  0  0  0
2001 09 30  236    230     2540      0    -999   C2.0   9  2  0  0  0  0  0
2001 10 01  217    289     2160      4    -999   C1.6   2  2  0  5  0  0  0
2001 10 02  201    236     1160      2    -999   C2.5   6  2  0  5  0  0  0
2001 10 03  192    196      950      2    -999   C2.2   7  0  0  9  1  0  0
2001 10 04  187    231     1040      3    -999   C1.2  10  0  0  8  0  0  0
2001 10 05  177    160      950      1    -999   C1.2   7  0  0  5  1  0  0
2001 10 06  180    181     1110      1    -999   C1.5   2  1  0  1  1  0  0
2001 10 07  173    154      920      1    -999   B7.5   7  0  0  5  0  0  0
2001 10 08  171    130      610      1    -999   B8.4   4  0  0  1  0  0  0
2001 10 09  176     99      590      1    -999   B9.1   4  1  0  7  0  1  0
2001 10 10  179    133      560      3    -999   B9.0   7  0  0  7  0  0  0
2001 10 11  175    174     1050      2    -999   B9.3   6  0  0  4  0  0  0
2001 10 12  179    179     1350      1    -999   B8.0  11  0  0 10  0  0  0
2001 10 13  180    166     1140      1    -999   B6.5   6  0  0  5  0  0  0
2001 10 14  192    178     1150      2    -999   B8.9   8  0  0  5  0  0  0
2001 10 15  193    176     1180      2    -999   B8.9   5  0  0  6  0  0  0
2001 10 16  207    168     1360      1    -999   B9.5   9  0  0  3  0  0  0
2001 10 17  217    171     1620      1    -999   C1.3   5  1  0  6  0  0  0
2001 10 18  229    182     1670      2    -999   C1.6   9  0  0 16  1  0  0
2001 10 19  248    219     2110      1    -999   C2.2   8  6  2 23  5  2  0
2001 10 20  245    230     1660      2    -999   C2.4   6  0  0  5  0  0  0
2001 10 21  224    239     1660      0    -999   C1.1   9  2  0  7  0  2  0
2001 10 22  233    207     1770      1    -999   C1.3   6  2  1 11  1  2  0
2001 10 23  226    231     1440      3    -999   C2.0   8  2  0 19  2  0  0
2001 10 24  239    230     1340      0    -999   C1.0  11  0  0 18  0  0  0
2001 10 25  239    225     1830      2    -999   C1.4  15  0  1 17  0  1  0
2001 10 26  237    239     2510      1    -999   C1.3   7  2  0 12  0  0  0
2001 10 27  247    225     2610      1    -999   C1.3  11  0  0 17  0  0  0
2001 10 28  227    229     2650      0    -999   C2.2   7  3  0  8  3  0  0
2001 10 29  216    224     2440      0    -999   C1.5  10  5  0 11  5  0  0
2001 10 30  226    205     2300      0    -999   C1.8  12  1  0 11  3  0  0
2001 10 31  221    212     2250      2    -999   C1.9   3  3  0  6  1  0  0
2001 11 01  236    157     2030      1    -999   C1.5   5  5  0 18  1  0  0
2001 11 02  214    164     2330      0    -999   C7.5   8  1  0 10  0  0  0
2001 11 03  216    162     1680      1    -999   C1.2  11  0  0 15  0  0  0
2001 11 04  227    186     1820      1    -999   C1.7   5  0  1 12  1  0  1
2001 11 05  235    159     2320      1    -999   C3.3   7  4  0  9  1  0  0
2001 11 06  230    189     1990      0    -999   C2.7  14  4  0  9  1  0  0
2001 11 07  269    230     1940      4    -999   C1.7   7  5  0 27  2  0  0
2001 11 08  248    216     2000      0    -999   C2.4  14  4  0 22  1  1  0
2001 11 09  271    175     2630      0    -999   C2.2   7  6  0  7  3  1  0
2001 11 10  246    258     2840      2    -999   C2.0   7  2  0  5  1  0  0
2001 11 11  234    222     2510      1    -999   C2.8  11  1  0 11  1  0  0
2001 11 12  227    252     2390      2    -999   C1.2   8  1  0  8  1  0  0
2001 11 13  232    234     2140      2    -999   C1.5   6  1  0 10  0  0  0
2001 11 14  217    222     1510      5    -999   C1.0   9  1  0 11  2  0  0
2001 11 15  207    219     1660      0    -999   C1.5   4  0  0  6  0  0  0
2001 11 16  202    200     1580      3    -999   B9.1   6  0  0  0  1  0  0
2001 11 17  199    157     1350      0    -999   B9.8   2  1  0  6  1  0  0
2001 11 18  188    181     1370      1    -999   B9.9   3  0  0  6  0  0  0
2001 11 19  191    168     1280      0    -999   B8.4   8  0  0  6  0  0  0
2001 11 20  185    160     1180      1    -999   B8.7   9  0  0  4  0  0  0
2001 11 21  184    132     1150      1    -999   B8.7  12  0  0 13  0  0  0
2001 11 22  190    143     1310      2    -999   B8.1   6  3  0  7  1  1  0
2001 11 23  177    144     1120      1    -999   M1.5   4  0  0  4  0  0  0
2001 11 24  173    124      865      0    -999   B9.0  14  0  0 20  1  0  0
2001 11 25  170    102      850      1    -999   B9.6  16  0  1 15  0  0  0
2001 11 26  175    122      890      0    -999   C1.9   9  0  0  5  0  0  0
2001 11 27  190    139      940      2    -999   B8.1   9  1  0  9  2  0  0
2001 11 28  199    180     1810      3    -999   C1.3  14  1  0 15  3  0  0
2001 11 29  216    204     2130      0    -999   C1.1  18  2  0 15  2  0  0
2001 11 30  226    158     2340      0    -999   C1.4   6  3  0  9  1  0  0
2001 12 01  221    208     2380      3    -999   C1.9   4  6  0 22  2  2  0
2001 12 02  245    271     2250      2    -999   C1.6   5  2  0 14  1  0  0
2001 12 03  235    230     2150      1    -999   C3.6   6  0  0 15  2  0  0
2001 12 04  233    214     2140      1    -999   C1.5   5  2  0 12  0  0  0
2001 12 05  237    260     2320      2    -999   C1.2   8  0  0 10  2  0  0
2001 12 06  247    226     2000      1    -999   C1.0   3  1  0  5  1  1  0
2001 12 07  226    200     1700      1    -999   C1.4   4  0  0  5  1  1  0
2001 12 08  221    218     1640      1    -999   C1.3   5  1  0  4  1  0  0
2001 12 09  224    225     1430      1    -999   C1.5  10  0  0  5  0  0  0
2001 12 10  219    224     1410      3    -999   C1.3   6  0  0  6  1  0  0
2001 12 11  221    154     1430      0    -999   C2.8   4  1  1  7  0  1  0
2001 12 12  237    183     1540      1    -999   C1.6   8  3  0 13  3  0  0
2001 12 13  220    212     1440      3    -999   C2.1   4  2  1 12  1  0  1
2001 12 14  245    202     1310      0    -999   C1.6   2  2  0 20  0  1  0
2001 12 15  218    198     1250      1    -999   C4.1  10  0  0  7  0  0  0
2001 12 16  209    204     1740      2    -999   C1.6   3  2  0  6  1  2  0
2001 12 17  206    215     1720      0    -999   C1.0   2  0  0  7  0  0  0
2001 12 18  212    210     1470      1    -999   C1.0   4  0  0 11  1  0  0
2001 12 19  208    158     1160      2    -999   C1.5  10  1  0  7  1  0  0
2001 12 20  221    171      980      2    -999   C1.5   6  0  0 12  0  0  0
2001 12 21  234    215     1320      2    -999   C1.6   8  0  0 16  0  0  0
2001 12 22  243    234     1510      2    -999   C1.2   4  0  0  9  0  0  0
2001 12 23  255    220     1880      1    -999   C1.2   7  1  0 13  0  0  0
2001 12 24  275    176     1820      0    -999   C2.2   3  3  0  8  2  0  0
2001 12 25  259    246     2410      1    -999   C2.4   4  1  0 19  3  0  0
2001 12 26  268    290     1980      6    -999   C2.9   3  5  0 33  3  0  0
2001 12 27  275    268     2070      2    -999   C3.6   8  3  0 26  0  2  0
2001 12 28  263    263     1830      2    -999   C2.6   3  3  1 13  2  0  0
2001 12 29  264    222     1360      0    -999   M1.6   0  8  0  6  2  0  0
2001 12 30  247    218     1200      2    -999   C8.4   4  0  0  6  1  0  0
2001 12 31  246    209     1290      0    -999   C2.7   3  0  0  4  1  0  0
