:Product: Daily Solar Data         2002_DSD.txt
#
#  Prepared by the U.S. Dept. of Commerce, NOAA, Space Environment Center.
#  Please send comments and suggestions to sec.webmaster@noaa.gov
#
#                           2002 Daily Solar Data
#
#                         Sunspot       Stanford GOES8
#           Radio  SESC     Area          Solar  X-Ray  ------ Flares ------
#           Flux  Sunspot  10E-6   New     Mean  Bkgd    X-Ray      Optical
#  Date     10.7cm Number  Hemis. Regions Field  Flux   C  M  X  S  1  2  3
#---------------------------------------------------------------------------
2002 01 01  232    222     1360      1    -999   C1.6   1  0  0  1  0  0  0
2002 01 02  231    241     1205      3    -999   C2.7   7  2  0 14  1  0  0
2002 01 03  220    229     1170      1    -999   C2.3  12  0  0 15  1  0  0
2002 01 04  218    248     1190      1    -999   C1.9   5  1  0  8  2  0  0
2002 01 05  212    201     1120      0    -999   C1.9   5  1  0 18  1  0  0
2002 01 06  197    143      850      0    -999   C1.4  10  0  0 15  0  0  0
2002 01 07  189    158      570      3    -999   C1.2   7  0  0  8  1  0  0
2002 01 08  199    143      680      3    -999   C1.0   5  0  0  6  1  0  0
2002 01 09  229    159     1090      1    -999   C4.2   1  2  0 15  1  1  0
2002 01 10  225    179     1160      0    -999   C2.5   5  0  0 17  0  0  0
2002 01 11  229    195     1480      2    -999   C2.1   6  1  0 12  0  0  0
2002 01 12  233    174     1500      1    -999   C1.5   7  4  0 13  2  0  0
2002 01 13  241    190     1650      2    -999   C1.6   8  2  0 20  1  0  0
2002 01 14  229    191     1580      0    -999   C2.0   4  4  0  7  0  1  0
2002 01 15  218    155     1510      0    -999      *   6  0  0 11  0  0  0
2002 01 16  216    131     1030      1    -999      *  12  1  0 15  0  0  0
2002 01 17  212    122     1140      1    -999   C1.8   7  0  0  3  0  0  0
2002 01 18  211    156     1030      2    -999   C1.1   2  0  0  1  0  0  0
2002 01 19  214    153     1110      1    -999   C1.0   8  1  0  3  0  0  0
2002 01 20  222    212     1150      4    -999   C1.1   2  0  0  7  0  0  0
2002 01 21  225    187     1400      0    -999   C1.1   7  0  0  6  0  0  0
2002 01 22  229    178     1130      0    -999   C1.0  11  1  0  8  1  0  0
2002 01 23  227    272     1250      5    -999   C1.3   7  0  0  5  0  0  0
2002 01 24  231    173     1180      0    -999   C1.2   3  0  0  3  0  0  0
2002 01 25  235    196     1120      2    -999   C1.7   6  0  0  3  0  0  0
2002 01 26  240    194     1320      1    -999   C2.1   4  1  0  6  0  0  0
2002 01 27  248    189     1440      1    -999   C2.0   1  0  0  3  0  0  0
2002 01 28  260    207     1670      3    -999   C1.4   5  0  0  8  0  0  0
2002 01 29  261    214     1720      0    -999   C1.7   6  0  0  8  1  0  0
2002 01 30  243    210     1670      1    -999   C1.6   7  0  0  1  0  0  0
2002 01 31  243    238     1970      2    -999   C1.7   5  1  0  5  0  0  0
2002 02 01  246    256     2160      1    -999   C1.3   2  0  0  5  0  0  0
2002 02 02  241    222     1990      2    -999   C1.0   5  0  0  2  0  0  0
2002 02 03  233    273     1660      3    -999   C1.1   9  0  0  6  0  0  0
2002 02 04  235    274     1970      1    -999   B9.6   4  3  0  7  2  0  0
2002 02 05  221    286     1790      3    -999   C1.5   4  0  0  5  1  0  0
2002 02 06  203    226     1130      0    -999   C1.3   8  1  0  7  0  0  0
2002 02 07  192    178      780      1    -999   C1.0   8  0  0  3  0  0  0
2002 02 08  192    229      780      2    -999   C1.3   5  0  0  0  0  0  0
2002 02 09  199    225     1010      3    -999   C1.4  10  0  0  7  0  0  0
2002 02 10  217    205     1340      1    -999   C1.4   6  1  0  7  1  1  0
2002 02 11  202    206     1210      2    -999   B9.5   8  0  0 10  0  0  0
2002 02 12  208    182     1130      0    -999   B9.6   7  0  0 12  1  0  0
2002 02 13  204    158     1220      0    -999   C1.0  10  0  0 10  1  0  0
2002 02 14  196    209     1080      2    -999   C1.0  12  0  0  8  1  0  0
2002 02 15  195    156      910      0    -999   B7.4   8  0  0  6  0  0  0
2002 02 16  194    134      710      1    -999   B6.9   3  0  0  2  0  0  0
2002 02 17  197    121      850      0    -999   B6.9   8  0  0  8  0  0  0
2002 02 18  193    103      840      1    -999   B7.2   1  1  0  5  1  0  0
2002 02 19  189    130      990      2    -999   B7.6   3  0  0  6  1  0  0
2002 02 20  193    157      910      3    -999   B9.5   7  5  0 15  3  0  0
2002 02 21  201    148     1130      3    -999   C1.4   6  4  0 11  1  1  0
2002 02 22  192    161      810      3    -999   C5.0   7  0  0  6  0  0  0
2002 02 23  188    176      910      2    -999   C1.1   9  0  0  9  0  0  0
2002 02 24  193    191     1170      2    -999   B7.8   9  0  0 12  0  0  0
2002 02 25  211    237     1010      2    -999   C1.2  13  1  0 29  0  0  0
2002 02 26  208    223     1180      0    -999   C1.6   7  0  0  7  0  0  0
2002 02 27  199    192     1100      1    -999   C1.5   5  2  0  8  0  0  0
2002 02 28  204    188      970      0    -999   C5.0   5  0  0  8  0  0  0
2002 03 01  188    153      860      2    -999   C1.4  10  0  0  4  0  0  0
2002 03 02  191    153      670      1    -999   C1.1   5  0  0  5  0  0  0
2002 03 03  183    169      790      3    -999   B9.8   3  0  0  0  0  0  0
2002 03 04  175    197     1120      3    -999   B7.3   3  0  0  2  0  0  0
2002 03 05  172    168      900      2    -999   B6.4   0  0  0  0  0  0  0
2002 03 06  178    191      870      2    -999   B9.9   1  0  0  0  0  0  0
2002 03 07  180    152      630      1    -999   B7.2   8  0  0  1  0  0  0
2002 03 08  177    133      610      2    -999   C1.0   8  0  0  2  0  0  0
2002 03 09  184    107      900      0    -999   C1.0   6  2  0  4  3  0  0
2002 03 10  179    114     1210      0    -999   C2.0   8  1  0  3  0  0  0
2002 03 11  182    153     1360      4    -999   C8.1   3  0  0  0  0  0  0
2002 03 12  178    139     1270      0    -999   C2.5   6  1  0  3  1  0  0
2002 03 13  184    154     1340      1    -999   B8.0   3  1  0  3  0  0  0
2002 03 14  181    162     1350      0    -999   C2.1   2  1  0  3  1  1  0
2002 03 15  176    134     1140      1    -999   B4.7   0  1  0  3  1  0  0
2002 03 16  185    124     1020      0    -999   C8.0   5  0  0  4  0  0  0
2002 03 17  184    124     1120      1    -999   B7.0   9  2  0  7  0  0  0
2002 03 18  178    136      910      0    -999   B6.0   6  1  0  7  2  0  0
2002 03 19  175    119      770      2    -999   B6.3   2  1  0  2  1  0  0
2002 03 20  188    141      950      3    -999   B5.5   6  0  0  8  0  0  0
2002 03 21  174    160      910      2    -999   C2.1   7  0  0  6  0  0  0
2002 03 22  172    194     1040      2    -999   B7.1   2  1  0  2  0  0  0
2002 03 23  170    176     1050      1    -999   B8.6  12  0  0  8  0  0  0
2002 03 24  175    169      670      0    -999   B6.5   5  0  0  2  0  0  0
2002 03 25  170    162      680      0    -999   B7.5   8  0  0  3  0  0  0
2002 03 26  166    145      690      0    -999   B5.6   6  0  0  4  0  0  0
2002 03 27  169    179      960      2    -999   B6.1   6  0  0  0  0  0  0
2002 03 28  176    144      740      0    -999   B8.1   9  0  0  2  0  0  0
2002 03 29  181    189     1360      3    -999   B7.7   8  0  0 11  0  0  0
2002 03 30  189    171     1210      0    -999   C1.8   5  2  0 17  1  0  0
2002 03 31  204    133     1270      1    -999   C1.4   4  1  0  5  1  0  0
2002 04 01  207    189     1880      0    -999   C1.0   5  0  0  9  0  0  0
2002 04 02  206    262     1890      3    -999   C1.4  17  0  0  9  0  0  0
2002 04 03  209    162     1690      1    -999   B8.1   5  0  0  2  0  0  0
2002 04 04  216    176     1820      0    -999   C1.0   8  2  0  8  0  0  0
2002 04 05  217    200     2030      3    -999   C1.3  11  0  0 10  0  0  0
2002 04 06  206    234     2010      3    -999   C1.1   7  0  0  7  1  0  0
2002 04 07  208    227     1970      3    -999   C1.5  13  0  0  6  1  0  0
2002 04 08  206    245     1930      1    -999   C1.1  13  0  0 12  0  0  0
2002 04 09  205    212     1710      1    -999   C1.3   4  2  0  2  2  1  0
2002 04 10  194    220     1290      1    -999   C1.2   7  2  0 13  3  0  0
2002 04 11  197    235     1430      2    -999   C1.0   8  0  0  9  2  0  0
2002 04 12  212    263     1800      1    -999   B9.3   7  2  0 11  1  0  0
2002 04 13  226    257     2160      0    -999   C1.1   9  0  0  8  0  0  0
2002 04 14  210    236     2170      1    -999   C2.4   9  2  0 26  2  0  0
2002 04 15  203    243     2400      1    -999   C5.4   5  2  0  7  0  0  0
2002 04 16  196    172     1540      0    -999   C1.9   4  1  0  7  0  0  0
2002 04 17  194    137     1100      0    -999   C1.0   7  1  0 12  0  1  0
2002 04 18  188    160     1380      2    -999   C1.3   6  0  0  4  0  0  0
2002 04 19  180    182     1430      2    -999   B8.6   8  0  0  9  0  0  0
2002 04 20  177    185     1330      0    -999   C1.0  10  0  0  4  0  0  0
2002 04 21  173    160     1030      2    -999   C1.3   4  0  1  2  1  0  0
2002 04 22  170    155      980      3    -999   C1.0   8  0  0  5  0  0  0
2002 04 23  175    180     1060      3    -999   B9.9   3  0  0  3  0  0  0
2002 04 24  177    256     1290      3    -999   B9.2  14  1  0 14  2  0  0
2002 04 25  167    208      850      0    -999   B5.9   3  0  0  3  0  0  0
2002 04 26  163    160      920      0    -999   B4.9   6  0  0  1  0  0  0
2002 04 27  157    173      880      1    -999   B7.2   3  0  0  2  0  0  0
2002 04 28  147    121      690      0    -999   B4.4   3  0  0  2  0  0  0
2002 04 29  153    124      790      2    -999   B7.1   6  0  0  3  0  0  0
2002 04 30  153    113      550      1    -999   B9.4   5  1  0  3  0  1  0
2002 05 01  162    166      960      5    -999   B6.1   6  0  0  6  0  0  0
2002 05 02  169    187     1080      2    -999   B6.0   6  0  0  3  0  0  0
2002 05 03  179    242     1490      2    -999   C1.1   6  0  0 10  1  0  0
2002 05 04  190    271     1480      2    -999   B8.9   9  0  0  6  0  0  0
2002 05 05  180    317     1680      3    -999   B6.7   6  0  0  6  1  0  0
2002 05 06  191    226     1320      0    -999   B6.2   5  0  0  4  0  0  0
2002 05 07  187    217     1320      2    -999   C2.6   6  1  0  2  0  0  0
2002 05 08  187    249     1440      1    -999   B6.2   7  0  0  8  0  0  0
2002 05 09  190    244     1620      0    -999   B7.5   5  0  0  4  0  0  0
2002 05 10  191    245     2230      2    -999   C1.2  11  0  0 12  0  0  0
2002 05 11  188    226     2300      2    -999   B8.3  10  1  0  9  0  0  0
2002 05 12  183    210     2130      1    -999   B7.2   7  0  0  7  0  0  0
2002 05 13  172    168     1640      1    -999   B7.5   7  0  0  7  0  0  0
2002 05 14  161    134      880      0    -999   B8.2   5  0  0  3  0  0  0
2002 05 15  159    137      990      3    -999   B8.0   3  1  0  5  0  0  0
2002 05 16  158    120     1440      2    -999   C2.1   3  0  0  2  0  0  0
2002 05 17  157    134     1820      2    -999   B7.2   6  3  0  5  0  1  0
2002 05 18  163    140     1760      1    -999   B7.0   6  0  0  8  0  0  0
2002 05 19  171    155     1730      1    -999   B7.6  13  0  0  5  0  0  0
2002 05 20  171    171     2140      2    -999   C1.3   6  2  1  9  1  1  0
2002 05 21  186    185     1980      0    -999   B9.3   5  1  0  5  1  1  0
2002 05 22  181    217     1870      2    -999   C4.7   4  0  0  4  0  0  0
2002 05 23  180    229     1450      2    -999   B5.8   2  0  0  2  0  0  0
2002 05 24  189    242     1240      1    -999   B5.6   6  1  0  7  0  0  0
2002 05 25  183    221     1200      1    -999   B6.2   3  0  0  9  0  0  0
2002 05 26  183    232     1400      1    -999   B8.4   8  0  0  8  0  0  0
2002 05 27  187    227     1280      0    -999   B8.5  10  1  0 11  0  1  0
2002 05 28  186    218     1440      3    -999   C1.4  12  0  0  6  0  0  0
2002 05 29  185    206     1850      2    -999   C1.3  16  0  0 10  0  0  0
2002 05 30  180    190     1620      1    -999   B9.7   8  2  0  5  0  0  0
2002 05 31  182    202     1540      3    -999   C1.9   5  1  0  3  0  0  0
2002 06 01  179    192     1460      1    -999   C1.1   4  2  0  9  1  0  0
2002 06 02  175    189     1250      3    -999   C1.6   9  1  0  7  1  0  0
2002 06 03  170    208     1130      1    -999   B9.0  10  0  0  5  1  0  0
2002 06 04  170    217     1030      2    -999   B4.6   5  0  0  4  0  0  0
2002 06 05  159    218     1190      0    -999   B4.4   2  0  0  1  0  0  0
2002 06 06  155    190      980      2    -999   B4.0   1  0  0  1  1  0  0
2002 06 07  158    190     1060      3    -999   B3.9   1  0  0  0  0  0  0
2002 06 08  155    181     1140      1    -999   B4.3   2  0  0  3  0  0  0
2002 06 09  157    180     1050      2    -999   B3.9   1  0  0  0  0  0  0
2002 06 10  152    177     1180      1    -999   B6.2   3  0  0  0  0  0  0
2002 06 11  148    131      960      0    -999   B5.8   6  0  0  7  0  0  0
2002 06 12  142    134      940      3    -999   B5.4   2  0  0  2  0  0  0
2002 06 13  133    126      830      0    -999   B4.4   0  0  0  4  0  0  0
2002 06 14  131    102      650      3    -999   B5.2   3  0  0  3  0  0  0
2002 06 15  135    137      640      3    -999   B9.2   2  0  0  3  0  0  0
2002 06 16  137    132      670      1    -999   B4.4   3  0  0  2  0  0  0
2002 06 17  143    116      710      0    -999   B3.7   2  0  0  2  0  0  0
2002 06 18  143    174      950      3    -999   B4.7   0  0  0  1  0  0  0
2002 06 19  146    127     1060      0    -999   B4.2   1  0  0  0  0  0  0
2002 06 20  145    122      870      1    -999   B4.5   2  0  0  0  0  0  0
2002 06 21  140    113      940      0    -999   B4.4   2  0  0  0  0  0  0
2002 06 22  142    102      870      2    -999   B4.2   1  0  0  1  0  0  0
2002 06 23  143    144      960      3    -999   B4.8   1  1  0  1  1  1  0
2002 06 24  150    133      960      1    -999   B3.2   1  0  0  3  0  0  0
2002 06 25  145    127      950      1    -999   B3.2   0  0  0  1  0  0  0
2002 06 26  144    102      860      0    -999   B3.6   2  0  0  2  0  0  0
2002 06 27  139    106      820      1    -999   B2.9   0  0  0  1  0  0  0
2002 06 28  137     94      730      0    -999   B3.3   2  0  0  1  0  0  0
2002 06 29  143    105      950      2    -999   B3.9   4  0  0  1  0  0  0
2002 06 30  147    111     1070      0    -999   B5.9   3  0  0  2  0  0  0
2002 07 01  147    100     1000      0    -999   B5.9   7  0  0  3  0  0  0
2002 07 02  149     85     1010      1    -999   B5.4   7  1  0  9  0  0  0
2002 07 03  173    147     1200      4    -999   B7.5   9  2  1 11  3  0  0
2002 07 04  146    175     1270      1    -999   C1.4  17  1  0 15  1  0  0
2002 07 05  139    149     1050      1    -999   B4.7   8  1  0 13  0  0  0
2002 07 06  134    123      830      0    -999   B4.5   4  1  0  1  1  0  0
2002 07 07  137    121      690      1    -999   B6.6   3  1  0  1  0  0  0
2002 07 08  131    125      530      2    -999   B5.3   2  2  0  0  0  0  0
2002 07 09  136    129      780      1    -999   B6.5   5  1  0  0  0  0  0
2002 07 10  129    118      840      0    -999   B4.4   4  0  0  8  0  0  0
2002 07 11  136     99      860      1    -999   B5.2   9  2  0  5  1  1  0
2002 07 12  133     93      750      0    -999   B6.5   6  1  0  8  0  1  0
2002 07 13  135    141      840      2    -999   C1.3   6  0  0  7  1  0  0
2002 07 14  144    152      850      1    -999   B3.8   6  0  0  5  0  0  0
2002 07 15  160    209     1140      2    -999   B7.3   8  1  1 10  0  0  1
2002 07 16  172    182     2080      1    -999   C2.0   8  0  0 18  0  0  0
2002 07 17  180    179     2330      0    -999   B7.6   6  1  0 13  1  0  0
2002 07 18  181    166     2150      0    -999   B7.4  11  1  1  6  1  1  0
2002 07 19  182    148     2050      0    -999   B9.7   6  0  0  9  0  0  0
2002 07 20  185    136     1650      0    -999   C1.3   3  0  1  5  2  0  0
2002 07 21  183    131     1640      1    -999   C8.6   5  0  0  2  0  0  0
2002 07 22  190    176     1900      4    -999   B9.3   4  0  0  5  0  0  0
2002 07 23  198    226     2390      2    -999   C8.6   6  0  1  9  0  1  0
2002 07 24  208    270     2330      2    -999   C1.3   9  1  0  8  1  0  0
2002 07 25  218    299     2130      1    -999   C1.3  12  0  0  7  0  0  0
2002 07 26  242    319     2710      3    -999   C1.8   6  7  0 16  2  1  0
2002 07 27  231    323     2580      1    -999   C9.8   6  0  0  9  0  0  0
2002 07 28  239    300     2410      3    -999   C1.2  14  2  0 13  1  0  0
2002 07 29  234    304     2560      1    -999   C4.6  10  3  0 10  1  0  0
2002 07 30  227    297     1860      0    -999   C1.4   5  0  0  7  0  0  0
2002 07 31  209    265     2230      1    -999   C1.7  13  1  0 20  1  0  0
2002 08 01  193    259     2170      2    -999   C1.9  19  0  0 27  0  0  0
2002 08 02  180    220     2210      1    -999   C1.2  17  1  0 15  0  0  0
2002 08 03  168    218     1680      2    -999   C1.3  11  0  1 15  0  0  0
2002 08 04  151    150     1310      0    -999   C1.5   8  1  0  0  0  0  0
2002 08 05  142    144      780      1    -999   B9.5   2  1  0  2  0  0  0
2002 08 06  145    135      910      1    -999   B8.0   8  0  0  8  2  0  0
2002 08 07  136    141      970      1    -999   B6.8   7  1  0  2  0  0  0
2002 08 08  135    150      880      1    -999   B5.5   5  0  0  2  0  0  0
2002 08 09  140    164      770      1    -999   B6.8   3  0  0  1  0  0  0
2002 08 10  148    140      870      2    -999   B8.0   2  0  0  0  0  0  0
2002 08 11  172    180     1280      4    -999   B8.5  12  0  0  5  0  0  0
2002 08 12  184    230     1930      4    -999   B8.9   5  0  0  4  1  0  0
2002 08 13  192    214     2110      1    -999   B9.3  13  1  0  8  2  0  0
2002 08 14  208    254     2620      3    -999   C1.2   7  2  0 14  2  0  0
2002 08 15  210    281     2820      0    -999   C1.1  11  2  0 12  0  0  0
2002 08 16  214    247     2830      1    -999   C1.6   1  4  0  8  3  1  0
2002 08 17  227    270     2730      2    -999   C1.9  14  2  0 23  1  0  0
2002 08 18  241    308     2850      1    -999   C1.6  12  3  0 20  4  0  0
2002 08 19  237    247     3420      1    -999   C1.7  11  2  0 16  1  0  0
2002 08 20  228    209     2940      0    -999   C1.5  18  4  0 18  5  0  0
2002 08 21  220    238     2710      0    -999   C1.8  12  1  1 17  2  0  0
2002 08 22  220    205     2570      2    -999   C1.9  14  2  0 26  2  1  0
2002 08 23  225    207     2370      1    -999   C1.7   8  5  0 39  1  4  0
2002 08 24  196    199     1440      1    -999   C3.0   5  2  1  8  2  0  0
2002 08 25  179    136     1380      0    -999   C1.1   4  2  0  5  0  0  0
2002 08 26  169    105     1320      1    -999   C3.5   7  1  0  8  1  0  0
2002 08 27  161    133     1070      2    -999   B7.4   6  0  0  2  0  0  0
2002 08 28  163     87     1070      0    -999   C1.0  12  3  0  6  0  0  0
2002 08 29  169    146      910      3    -999   C2.3  11  3  0 12  1  0  0
2002 08 30  170    150     1300      1    -999   C1.3  10  0  1 15  0  0  0
2002 08 31  180    153     1740      2    -999   C1.3  11  0  0  5  0  0  0
2002 09 01  181    187     1560      3    -999   C1.7   5  0  0  2  0  0  0
2002 09 02  174    227     1890      1    -999   B9.4   8  0  0  1  0  0  0
2002 09 03  171    266     1750      1    -999   C1.3   7  1  0  4  0  0  0
2002 09 04  171    215     1380      0    -999   B9.7  13  0  0 10  0  0  0
2002 09 05  175    225     1260      0    -999   B6.4   8  0  0  6  0  0  0
2002 09 06  178    189      990      0    -999   B7.5   3  0  0  1  0  0  0
2002 09 07  183    180     1060      2    -999   B9.4   6  0  0  1  0  0  0
2002 09 08  192    221     1620      2    -999   B8.3   1  1  0  7  0  0  0
2002 09 09  206    194     1920      0    -999   B9.6   4  1  0  7  0  1  0
2002 09 10  221    226     2570      3    -999   B9.3  13  1  0 10  1  0  0
2002 09 11  216    213     2240      0    -999   B8.7   7  1  0  6  0  1  0
2002 09 12  212    258     1850      3    -999   B7.0   8  0  0  8  0  0  0
2002 09 13  206    246     1760      0    -999   B7.5   1  0  0  1  0  0  0
2002 09 14  207    256     1770      2    -999   B6.5   8  0  0  5  0  0  0
2002 09 15  188    168     1460      2    -999   B7.7  10  1  0  6  0  0  0
2002 09 16  183    190     1530      5    -999   B9.0   8  1  0 10  1  0  0
2002 09 17  194    228     1480      1    -999   B6.7  10  0  0 17  1  0  0
2002 09 18  177    225     1570      2    -999   C1.1   7  0  0 13  2  0  0
2002 09 19  165    206     1500      1    -999   B6.4   5  0  0  7  1  0  0
2002 09 20  164    237     1730      2    -999   B8.2   5  2  0 10  0  0  0
2002 09 21  159    217     1500      0    -999   B7.6   7  0  0  3  0  0  0
2002 09 22  160    218     1500      4    -999   B5.2   3  0  0  6  0  0  0
2002 09 23  154    209     1600      1    -999   B9.7   2  0  0  0  1  0  0
2002 09 24  158    240     1430      1    -999   B4.8   3  0  0  2  0  0  0
2002 09 25  153    230     1670      0    -999   B6.0   3  0  0  9  0  0  0
2002 09 26  150    157     1270      0    -999   B7.9  12  0  0 10  0  0  0
2002 09 27  152    185      970      1    -999   B6.2   5  2  0  6  0  0  0
2002 09 28  149    140      790      0    -999   C1.3   8  0  0  4  0  0  0
2002 09 29  138    146      720      2    -999   B6.0   7  1  0  4  1  1  0
2002 09 30  140     94      520      0    -999   B9.0  14  1  0 15  2  0  0
2002 10 01  140    105      650      1    -999      *   3  0  0  3  0  0  0
2002 10 02  136     99      870      1    -999      *   8  0  0  5  0  0  0
2002 10 03  146     81      720      0    -999      *   4  1  0  7  1  0  0
2002 10 04  158     98      910      1    -999      *  12  6  0 16  3  0  0
2002 10 05  155    155     1370      2    -999      *   9  2  0 11  1  0  0
2002 10 06  162    126     1095      0    -999      *   4  2  0  2  1  0  0
2002 10 07  164    143     1100      2    -999      *   3  0  0  1  0  0  0
2002 10 08  165    128     1010      1    -999      *   8  0  0  5  0  0  0
2002 10 09  167    226     1470      6    -999      *   2  0  0  2  0  0  0
2002 10 10  172    244     1420      3    -999      *   4  0  0  4  0  0  0
2002 10 11  179    178     1310      2    -999      *  10  0  0  7  0  0  0
2002 10 12  180    171     1680      2    -999      *   1  0  0  0  0  0  0
2002 10 13  179    167     1570      1    -999      *   3  1  0  1  1  0  0
2002 10 14  181    175     1490      1    -999      *   5  0  0  4  1  0  0
2002 10 15  177    165     1090      1    -999      *   7  1  0  3  1  0  0
2002 10 16  183    182     1330      0    -999      *   7  0  0  6  0  0  0
2002 10 17  179    215     1210      1    -999      *   9  0  0  6  0  0  0
2002 10 18  173    200     1660      1    -999      *  16  0  0 13  0  0  0
2002 10 19  180    156     1610      0    -999      *  11  0  0 17  1  0  0
2002 10 20  180    179     1770      2    -999      *  11  4  0 25  5  1  0
2002 10 21  183    139     1420      0    -999      *  11  0  0 15  0  0  0
2002 10 22  169    132     1610      0    -999   B7.1   4  1  0  6  0  0  0
2002 10 23  164    116     1580      2    -999   B6.7   3  0  0  4  0  0  0
2002 10 24  160    149     1480      2    -999   B4.8   4  0  0  2  1  0  0
2002 10 25  173    151     1340      2    -999   B5.5   3  1  0  4  2  0  0
2002 10 26  158    143     1300      0    -999   B5.4   2  0  0  0  0  0  0
2002 10 27  157    120     1020      1    -999   B6.0   9  0  0 14  0  0  0
2002 10 28  158    143     1230      1    -999   B6.9  12  1  0 24  1  0  0
2002 10 29  162    168     1220      3    -999   B9.4  14  1  0 29  0  0  1
2002 10 30  168    182     1390      1    -999   C2.3  14  0  0 11  2  0  0
2002 10 31  170    134      920      1    -999   C1.1   7  1  1  1  0  0  0
2002 11 01  162    169      950      2    -999   B7.0   5  0  0  4  0  0  0
2002 11 02  165    177     1050      2    -999   B6.3   4  0  0  2  1  0  0
2002 11 03  169    217     1280      3    -999   B6.4   4  1  0  7  1  0  0
2002 11 04  177    166     1540      0    -999   B8.3   8  0  0 12  0  0  0
2002 11 05  183    175     1660      1    -999   B7.3  11  0  0 14  0  0  0
2002 11 06  185    234     1550      3    -999   B6.7  12  0  0 19  0  0  0
2002 11 07  190    259     1430      1    -999   B7.2   2  0  0 13  0  0  0
2002 11 08  189    252     1510      1    -999   B8.4   8  0  0  8  1  0  0
2002 11 09  191    174     1730      0    -999   C1.2   6  1  0 14  0  1  0
2002 11 10  191    219     1560      0    -999   C1.2  17  1  0  8  0  1  0
2002 11 11  185    197     1340      1    -999   C1.4   4  2  0  9  3  0  0
2002 11 12  178    155     1250      1    -999   B8.3   4  1  0  7  1  1  0
2002 11 13  182    182     1190      2    -999   C1.1   4  1  0  5  0  0  0
2002 11 14  184    185     1290      2    -999   C1.1   8  1  0  7  1  0  0
2002 11 15  198    185     1640      1    -999   C1.2   7  1  0 13  1  0  0
2002 11 16  199    162     2130      0    -999   C1.0   5  0  0 20  0  0  0
2002 11 17  185    139     2360      0    -999   C1.0   7  1  0 14  0  0  0
2002 11 18  179    119     2070      0    -999   B8.5   8  1  0  4  2  0  0
2002 11 19  168    105     1580      0    -999   B8.6   4  0  0  8  0  0  0
2002 11 20  159    108     1360      2    -999   B7.1   8  1  0  5  0  0  0
2002 11 21  151    143     1190      1    -999   B6.3   9  0  0 10  0  0  0
2002 11 22  149    124     1110      0    -999   B6.4   3  0  0  3  0  1  0
2002 11 23  148    126     1120      0    -999   B5.9  10  0  0  4  0  0  0
2002 11 24  146    123      990      1    -999   B4.1   8  0  0  5  0  0  0
2002 11 25  137    106      880      0    -999   B4.3   5  0  0  1  0  0  0
2002 11 26  142    100      790      1    -999   B5.1   3  0  0  2  0  0  0
2002 11 27  143    112      760      4    -999   B8.3   8  0  0 14  0  0  0
2002 11 28  140    124      840      0    -999   B7.6  14  0  0  5  1  0  0
2002 11 29  141    107      620      1    -999   B4.9   1  0  0  2  0  0  0
2002 11 30  146    150      740      2    -999   B4.4   1  0  0  1  0  0  0
2002 12 01  150     97      620      0    -999   B5.0   5  0  0  3  0  0  0
2002 12 02  146    155      850      2    -999   B3.6   3  0  0  2  1  0  0
2002 12 03  146    135      740      1    -999   B4.1   2  0  0  5  0  0  0
2002 12 04  149    144      770      0    -999   B4.2   0  1  0  3  0  1  0
2002 12 05  149    153      860      2    -999   B3.8   2  0  0  0  0  0  0
2002 12 06  148    112      700      0    -999   B3.8   2  0  0  2  0  0  0
2002 12 07  151    106      490      0    -999   B4.0   2  0  0  0  0  0  0
2002 12 08  154    150      660      3    -999   B5.0   3  0  0  5  0  0  0
2002 12 09  156    189      750      3    -999   B7.7   5  0  0  1  0  0  0
2002 12 10  161    142      580      0    -999   C1.0   5  1  0  5  0  0  0
2002 12 11  152    171      500      1    -999   B9.1   4  0  0  0  0  0  0
2002 12 12  153    129      430      2    -999   B9.4   3  0  0  1  0  0  0
2002 12 13  167    176      810      3    -999   B9.7   9  0  0 13  0  0  0
2002 12 14  186    214     1260      2    -999   C1.1   6  0  0 21  1  0  0
2002 12 15  203    217     1350      0    -999   C1.1  12  0  0  9  0  0  0
2002 12 16  203    194     1200      0    -999   C1.4  10  3  0 11  3  0  0
2002 12 17  213    252     1550      1    -999   C1.3  10  1  0 15  1  0  0
2002 12 18  197    261     1820      0    -999   C1.1  11  1  0  7  1  0  0
2002 12 19  193    225     1360      1    -999   B9.2  12  1  0 12  0  2  0
2002 12 20  197    203     1650      0    -999   C1.0  12  1  0 10  1  0  0
2002 12 21  184    199     1180      1    -999   B6.9   7  0  0  7  1  0  0
2002 12 22  172    168      930      0    -999   B8.6   4  1  0  1  0  1  0
2002 12 23  159    160     1600      1    -999   B7.4   5  0  0  6  0  0  0
2002 12 24  147    119      700      1    -999   B7.1   5  0  0  7  0  0  0
2002 12 25  132     77      350      1    -999   B7.4   5  0  0  1  0  0  0
2002 12 26  127     62      310      0    -999   B4.2   2  0  0  4  0  0  0
2002 12 27  117     63      200      1    -999   B2.7   0  0  0  3  0  0  0
2002 12 28  117     70      150      2    -999   B2.6   1  0  0  0  0  0  0
2002 12 29  115     51      100      1    -999   B1.9   0  0  0  0  0  0  0
2002 12 30  114     44       90      0    -999   B1.5   0  0  0  1  0  0  0
2002 12 31  115     50      150      1    -999   B1.8   0  0  0  4  0  0  0
