:Product: Daily Solar Data         2009_DSD.txt
:Issued: 2100 UT 07 Jan 2010
#
#  Prepared by the U.S. Dept. of Commerce, NOAA, Space Weather Prediction Center
#  Please send comments and suggestions to SWPC.Webmaster@noaa.gov
#
#                         2009 Daily Solar Data
#
#                         Sunspot       Stanford GOES14
#           Radio  SESC     Area          Solar  X-Ray  ------ Flares ------
#           Flux  Sunspot  10E-6   New     Mean  Bkgd    X-Ray      Optical
#  Date     10.7cm Number  Hemis. Regions Field  Flux   C  M  X  S  1  2  3
#--------------------------------------------------------------------------- 
2009 01 01   69      0        0      0    -999   A0.0   0  0  0  0  0  0  0
2009 01 02   70      0        0      0    -999   A0.0   0  0  0  0  0  0  0
2009 01 03   70      0        0      0    -999   A0.0   0  0  0  0  0  0  0
2009 01 04   69      0        0      0    -999   A0.0   0  0  0  0  0  0  0
2009 01 05   69      0        0      0    -999   A0.0   0  0  0  0  0  0  0
2009 01 06   69      0        0      0    -999   A0.0   0  0  0  0  0  0  0
2009 01 07   69      0        0      0    -999   A0.0   0  0  0  0  0  0  0
2009 01 08   69      0        0      0    -999   A0.0   0  0  0  0  0  0  0
2009 01 09   70     14       20      1    -999   A0.0   0  0  0  0  0  0  0
2009 01 10   71     17       30      0    -999   A0.0   0  0  0  0  0  0  0
2009 01 11   70     20       50      0    -999   A0.0   0  0  0  0  0  0  0
2009 01 12   69     12       10      0    -999   A0.0   0  0  0  0  0  0  0
2009 01 13   71     11       10      0    -999   A0.0   0  0  0  0  0  0  0
2009 01 14   71      0        0      0    -999   A0.0   0  0  0  0  0  0  0
2009 01 15   71      0        0      0    -999   A0.0   0  0  0  0  0  0  0
2009 01 16   71      0        0      0    -999   A0.0   0  0  0  0  0  0  0
2009 01 17   72      0        0      0    -999   A0.0   0  0  0  0  0  0  0
2009 01 18   71      0        0      0    -999   A0.0   0  0  0  0  0  0  0
2009 01 19   71     13       10      1    -999   A0.0   0  0  0  0  0  0  0
2009 01 20   70      0        0      0    -999   A0.0   0  0  0  0  0  0  0
2009 01 21   69      0        0      0    -999   A0.0   0  0  0  0  0  0  0
2009 01 22   69      0        0      0    -999   A0.0   0  0  0  0  0  0  0
2009 01 23   70      0        0      0    -999   A0.0   0  0  0  0  0  0  0
2009 01 24   69      0        0      0    -999   A0.0   0  0  0  0  0  0  0
2009 01 25   70      0        0      0    -999   A0.0   0  0  0  0  0  0  0
2009 01 26   70      0        0      0    -999   A0.0   0  0  0  0  0  0  0
2009 01 27   70      0        0      0    -999   A0.0   0  0  0  0  0  0  0
2009 01 28   70      0        0      0    -999   A0.0   0  0  0  0  0  0  0
2009 01 29   69      0        0      0    -999   A0.0   0  0  0  0  0  0  0
2009 01 30   69      0        0      0    -999   A0.0   0  0  0  0  0  0  0
2009 01 31   69      0        0      0    -999   A0.0   0  0  0  0  0  0  0
2009 02 01   70      0        0      0    -999   A0.0   0  0  0  0  0  0  0
2009 02 02   69      0        0      0    -999   A0.0   0  0  0  0  0  0  0
2009 02 03   69      0        0      0    -999   A0.0   0  0  0  0  0  0  0
2009 02 04   70      0        0      0    -999   A0.0   0  0  0  0  0  0  0
2009 02 05   70      0        0      0    -999   A0.0   0  0  0  0  0  0  0
2009 02 06   70      0        0      0    -999   A0.0   0  0  0  0  0  0  0
2009 02 07   71      0        0      0    -999   A0.0   0  0  0  0  0  0  0
2009 02 08   71      0        0      0    -999   A0.0   0  0  0  0  0  0  0
2009 02 09   71      0        0      0    -999   A0.0   0  0  0  0  0  0  0
2009 02 10   68      0        0      0    -999   A0.0   0  0  0  0  0  0  0
2009 02 11   70     11       10      1    -999   A0.0   0  0  0  0  0  0  0
2009 02 12   70     11       10      0    -999   A0.0   0  0  0  0  0  0  0
2009 02 13   70     11       10      0    -999   A0.0   0  0  0  0  0  0  0
2009 02 14   70      0        0      0    -999   A0.0   0  0  0  0  0  0  0
2009 02 15   70      0        0      0    -999   A0.0   0  0  0  0  0  0  0
2009 02 16   70      0        0      0    -999   A0.0   0  0  0  0  0  0  0
2009 02 17   71      0        0      0    -999   A0.0   0  0  0  0  0  0  0
2009 02 18   70      0        0      0    -999   A0.0   0  0  0  0  0  0  0
2009 02 19   69      0        0      0    -999   A0.0   0  0  0  0  0  0  0
2009 02 20   69      0        0      0    -999   A0.0   0  0  0  0  0  0  0
2009 02 21   71      0        0      0    -999   A0.0   0  0  0  0  0  0  0
2009 02 22   70      0        0      0    -999   A0.0   0  0  0  0  0  0  0
2009 02 23   71      0        0      0    -999   A0.0   0  0  0  0  0  0  0
2009 02 24   71     12       20      1    -999   A0.0   0  0  0  0  0  0  0
2009 02 25   71     14       10      0    -999   A0.0   0  0  0  0  0  0  0
2009 02 26   70     12       10      0    -999   A0.0   0  0  0  0  0  0  0
2009 02 27   69      0        0      0    -999   A0.0   0  0  0  0  0  0  0
2009 02 28   71      0        0      0    -999   A0.0   0  0  0  0  0  0  0
2009 03 01   69      0        0      0    -999   A0.0   0  0  0  0  0  0  0
2009 03 02   69      0        0      0    -999   A0.0   0  0  0  0  0  0  0
2009 03 03   69      0        0      0    -999   A0.0   0  0  0  0  0  0  0
2009 03 04   70      0        0      0    -999   A0.0   0  0  0  0  0  0  0
2009 03 05   69      0        0      0    -999   A0.0   0  0  0  0  0  0  0
2009 03 06   69     12       20      1    -999   A0.0   0  0  0  0  0  0  0
2009 03 07   69     12       20      0    -999   A0.0   0  0  0  0  0  0  0
2009 03 08   69      0        0      0    -999   A0.0   0  0  0  0  0  0  0
2009 03 09   68      0        0      0    -999   A0.0   0  0  0  0  0  0  0
2009 03 10   69      0        0      0    -999   A0.0   0  0  0  0  0  0  0
2009 03 11   69      0        0      0    -999   A0.0   0  0  0  0  0  0  0
2009 03 12   69      0        0      0    -999   A0.0   0  0  0  0  0  0  0
2009 03 13   68      0        0      0    -999   A0.0   0  0  0  0  0  0  0
2009 03 14   69      0        0      0    -999   A0.0   0  0  0  0  0  0  0
2009 03 15   68      0        0      0    -999   A0.0   0  0  0  0  0  0  0
2009 03 16   69      0        0      0    -999   A0.0   0  0  0  0  0  0  0
2009 03 17   69      0        0      0    -999   A0.0   0  0  0  0  0  0  0
2009 03 18   68      0        0      0    -999   A0.0   0  0  0  0  0  0  0
2009 03 19   69      0        0      0    -999   A0.0   0  0  0  0  0  0  0
2009 03 20   69      0        0      0    -999   A0.0   0  0  0  0  0  0  0
2009 03 21   70      0        0      0    -999   A0.0   0  0  0  0  0  0  0
2009 03 22   69      0        0      0    -999   A0.0   0  0  0  0  0  0  0
2009 03 23   68      0        0      0    -999   A0.0   0  0  0  0  0  0  0
2009 03 24   69      0        0      0    -999   A0.0   0  0  0  0  0  0  0
2009 03 25   69      0        0      0    -999   A0.0   0  0  0  0  0  0  0
2009 03 26   69      0        0      0    -999   A0.0   0  0  0  0  0  0  0
2009 03 27   72      0        0      0    -999   A0.0   0  0  0  0  0  0  0
2009 03 28   71      0        0      0    -999   A0.0   0  0  0  0  0  0  0
2009 03 29   71      0        0      0    -999   A0.0   0  0  0  0  0  0  0
2009 03 30   71      0        0      0    -999   A0.0   0  0  0  0  0  0  0
2009 03 31   71      0        0      0    -999   A0.0   0  0  0  0  0  0  0
2009 04 01   71      0        0      0    -999   A0.0   0  0  0  0  0  0  0
2009 04 02   71      0        0      0    -999   A0.0   0  0  0  0  0  0  0
2009 04 03   70      0        0      0    -999   A0.0   0  0  0  0  0  0  0
2009 04 04   70      0        0      0    -999   A0.0   0  0  0  0  0  0  0
2009 04 05   70      0        0      0    -999   A0.0   0  0  0  0  0  0  0
2009 04 06   69      0        0      0    -999   A0.0   0  0  0  0  0  0  0
2009 04 07   70      0        0      0    -999   A0.0   0  0  0  0  0  0  0
2009 04 08   70      0        0      0    -999   A0.0   0  0  0  0  0  0  0
2009 04 09   70      0        0      0    -999   A0.0   0  0  0  0  0  0  0
2009 04 10   69      0        0      0    -999   A0.0   0  0  0  0  0  0  0
2009 04 11   69      0        0      0    -999   A0.0   0  0  0  0  0  0  0
2009 04 12   69      0        0      0    -999   A0.0   0  0  0  0  0  0  0
2009 04 13   68      0        0      0    -999   A0.0   0  0  0  0  0  0  0
2009 04 14   69      0        0      0    -999   A0.0   0  0  0  0  0  0  0
2009 04 15   69      0        0      0    -999   A0.0   0  0  0  0  0  0  0
2009 04 16   70      0        0      0    -999   A0.0   0  0  0  0  0  0  0
2009 04 17   70      0        0      0    -999   A0.0   0  0  0  0  0  0  0
2009 04 18   70      0        0      0    -999   A0.0   0  0  0  0  0  0  0
2009 04 19   70      0        0      0    -999   A0.0   0  0  0  0  0  0  0
2009 04 20   70      0        0      0    -999   A0.0   0  0  0  0  0  0  0
2009 04 21   71     11       10      1    -999   A0.0   0  0  0  0  0  0  0
2009 04 22   71      0        0      0    -999   A0.0   0  0  0  0  0  0  0
2009 04 23   71      0        0      0    -999   A0.0   0  0  0  0  0  0  0
2009 04 24   70      0        0      0    -999   A0.0   0  0  0  0  0  0  0
2009 04 25   69      0        0      0    -999   A0.0   0  0  0  0  0  0  0
2009 04 26   69      0        0      0    -999   A0.0   0  0  0  0  0  0  0
2009 04 27   68      0        0      0    -999   A0.0   0  0  0  0  0  0  0
2009 04 28   69      0        0      0    -999   A0.0   0  0  0  0  0  0  0
2009 04 29   70     15       20      1    -999   A0.0   0  0  0  0  0  0  0
2009 04 30   69     12       10      0    -999   A0.0   0  0  0  0  0  0  0
2009 05 01   69      0        0      0    -999   A0.0   0  0  0  0  0  0  0
2009 05 02   68      0        0      0    -999   A0.0   0  0  0  0  0  0  0
2009 05 03   69      0        0      0    -999   A0.0   0  0  0  0  0  0  0
2009 05 04   68      0        0      0    -999   A0.0   0  0  0  0  0  0  0
2009 05 05   68      0        0      0    -999   A0.0   0  0  0  0  0  0  0
2009 05 06   69      0        0      0    -999   A0.0   0  0  0  0  0  0  0
2009 05 07   70      0        0      0    -999   A0.0   0  0  0  0  0  0  0
2009 05 08   71      0        0      0    -999   A0.0   0  0  0  0  0  0  0
2009 05 09   72      0        0      0    -999   A0.0   0  0  0  0  0  0  0
2009 05 10   72      0        0      0    -999   A0.0   0  0  0  0  0  0  0
2009 05 11   72      0        0      0    -999   A0.0   0  0  0  0  0  0  0
2009 05 12   74      0        0      0    -999   A0.0   0  0  0  0  0  0  0
2009 05 13   74     12       10      1    -999   A0.0   0  0  0  0  0  0  0
2009 05 14   74     18       20      0    -999   A0.0   0  0  0  0  0  0  0
2009 05 15   74     12       10      0    -999   A0.0   0  0  0  0  0  0  0
2009 05 16   74     15       20      0    -999   A0.0   0  0  0  0  0  0  0
2009 05 17   74     13       10      0    -999   A0.0   0  0  0  0  0  0  0
2009 05 18   73     14       30      0    -999   A0.0   0  0  0  0  0  0  0
2009 05 19   72     11       10      0    -999   A0.0   0  0  0  0  0  0  0
2009 05 20   72      0        0      0    -999   A0.0   0  0  0  0  0  0  0
2009 05 21   72      0        0      0    -999   A0.0   0  0  0  0  0  0  0
2009 05 22   72      0        0      0    -999   A0.0   0  0  0  0  0  0  0
2009 05 23   70     13       30      1    -999   A0.0   0  0  0  0  0  0  0
2009 05 24   69      0        0      0    -999   A0.0   0  0  0  0  0  0  0
2009 05 25   69      0        0      0    -999   A0.0   0  0  0  0  0  0  0
2009 05 26   68      0        0      0    -999   A0.0   0  0  0  0  0  0  0
2009 05 27   67      0        0      0    -999   A0.0   0  0  0  0  0  0  0
2009 05 28   68      0        0      0    -999   A0.0   0  0  0  0  0  0  0
2009 05 29   68      0        0      0    -999   A0.0   0  0  0  0  0  0  0
2009 05 30   69      0        0      0    -999   A0.0   0  0  0  0  0  0  0
2009 05 31   69     15       30      1    -999   A0.0   0  0  0  0  0  0  0
2009 06 01   73     23       80      0    -999   A1.3   0  0  0  0  0  0  0
2009 06 02   72     19       60      0    -999   A0.0   0  0  0  0  0  0  0
2009 06 03   73     17       10      0    -999   A0.0   0  0  0  0  0  0  0
2009 06 04   71     17       20      0    -999   A0.0   0  0  0  0  0  0  0
2009 06 05   70     13       10      0    -999   A0.0   0  0  0  0  0  0  0
2009 06 06   69      0        0      0    -999   A0.0   0  0  0  0  0  0  0
2009 06 07   69      0        0      0    -999   A0.0   0  0  0  0  0  0  0
2009 06 08   69     12       20      1    -999   A0.0   0  0  0  0  0  0  0
2009 06 09   69     12       20      0    -999   A0.0   0  0  0  0  0  0  0
2009 06 10   69      0        0      0    -999   A0.0   0  0  0  0  0  0  0
2009 06 11   69      0        0      0    -999   A0.0   0  0  0  0  0  0  0
2009 06 12   69     12       10      0    -999   A0.0   0  0  0  0  0  0  0
2009 06 13   68      0        0      0    -999   A0.0   0  0  0  0  0  0  0
2009 06 14   68      0        0      0    -999   A0.0   0  0  0  0  0  0  0
2009 06 15   67      0        0      0    -999   A0.0   0  0  0  0  0  0  0
2009 06 16   68      0        0      0    -999   A0.0   0  0  0  0  0  0  0
2009 06 17   68     11       10      1    -999   A0.0   0  0  0  0  0  0  0
2009 06 18   68      0        0      0    -999   A0.0   0  0  0  0  0  0  0
2009 06 19   67      0        0      0    -999   A0.0   0  0  0  0  0  0  0
2009 06 20   67      0        0      0    -999   A0.0   0  0  0  0  0  0  0
2009 06 21   67     12       20      1    -999   A0.0   0  0  0  0  0  0  0
2009 06 22   68     24       50      1    -999   A0.0   0  0  0  0  0  0  0
2009 06 23   68     12       30      0    -999   A0.0   0  0  0  0  0  0  0
2009 06 24   67     14       40      0    -999   A0.0   0  0  0  0  0  0  0
2009 06 25   68      0        0      0    -999   A0.0   0  0  0  0  0  0  0
2009 06 26   67      0        0      0    -999   A0.0   0  0  0  0  0  0  0
2009 06 27   67      0        0      0    -999   A0.0   0  0  0  0  0  0  0
2009 06 28   67      0        0      0    -999   A0.0   0  0  0  0  0  0  0
2009 06 29   69      0        0      0    -999   A0.0   0  0  0  0  0  0  0
2009 06 30   68      0        0      0    -999   A0.0   0  0  0  0  0  0  0
2009 07 01   68      0        0      0    -999   A0.0   0  0  0  0  0  0  0
2009 07 02   67      0        0      0    -999   A0.0   0  0  0  0  0  0  0
2009 07 03   67     17       60      1    -999   A0.0   0  0  0  0  0  0  0
2009 07 04   71     24      100      0    -999   A1.5   0  0  0  3  0  0  0
2009 07 05   72     26      170      0    -999   A2.2   1  0  0  1  0  0  0
2009 07 06   70     23      160      0    -999   A0.0   1  0  0  1  0  0  0
2009 07 07   71     21      180      0    -999   A0.0   0  0  0  1  0  0  0
2009 07 08   71     18      190      0    -999   A1.0   0  0  0  0  0  0  0
2009 07 09   69     15      230      0    -999   A0.0   0  0  0  0  0  0  0
2009 07 10   68     13       60      0    -999   A0.0   0  0  0  0  0  0  0
2009 07 11   68      0        0      0    -999   A0.0   0  0  0  0  0  0  0
2009 07 12   68      0        0      0    -999   A0.0   0  0  0  0  0  0  0
2009 07 13   67      0        0      0    -999   A0.0   0  0  0  0  0  0  0
2009 07 14   67      0        0      0    -999   A0.0   0  0  0  0  0  0  0
2009 07 15   67      0        0      0    -999   A0.0   0  0  0  0  0  0  0
2009 07 16   67      0        0      0    -999   A0.0   0  0  0  0  0  0  0
2009 07 17   66      0        0      0    -999   A0.0   0  0  0  0  0  0  0
2009 07 18   67      0        0      0    -999   A0.0   0  0  0  0  0  0  0
2009 07 19   68      0        0      0    -999   A0.0   0  0  0  0  0  0  0
2009 07 20   68      0        0      0    -999   A0.0   0  0  0  0  0  0  0
2009 07 21   68      0        0      0    -999   A0.0   0  0  0  0  0  0  0
2009 07 22   68      0        0      0    -999   A0.0   0  0  0  0  0  0  0
2009 07 23   68      0        0      0    -999   A0.0   0  0  0  0  0  0  0
2009 07 24   68      0        0      0    -999   A0.0   0  0  0  0  0  0  0
2009 07 25   69      0        0      0    -999   A0.0   0  0  0  0  0  0  0
2009 07 26   68      0        0      0    -999   A0.0   0  0  0  0  0  0  0
2009 07 27   68      0        0      0    -999   A0.0   0  0  0  0  0  0  0
2009 07 28   69      0        0      0    -999   A0.0   0  0  0  0  0  0  0
2009 07 29   68      0        0      0    -999   A0.0   0  0  0  0  0  0  0
2009 07 30   68      0        0      0    -999   A0.0   0  0  0  0  0  0  0
2009 07 31   69      0        0      0    -999   A0.0   0  0  0  0  0  0  0
2009 08 01   68      0        0      0    -999   A0.0   0  0  0  0  0  0  0
2009 08 02   68      0        0      0    -999   A0.0   0  0  0  0  0  0  0
2009 08 03   67      0        0      0    -999   A0.0   0  0  0  0  0  0  0
2009 08 04   66      0        0      0    -999   A0.0   0  0  0  0  0  0  0
2009 08 05   66      0        0      0    -999   A0.0   0  0  0  0  0  0  0
2009 08 06   67      0        0      0    -999   A0.0   0  0  0  0  0  0  0
2009 08 07   68      0        0      0    -999   A0.0   0  0  0  0  0  0  0
2009 08 08   67      0        0      0    -999   A0.0   0  0  0  0  0  0  0
2009 08 09   67      0        0      0    -999   A0.0   0  0  0  0  0  0  0
2009 08 10   67      0        0      0    -999   A0.0   0  0  0  0  0  0  0
2009 08 11   67      0        0      0    -999   A0.0   0  0  0  0  0  0  0
2009 08 12   67      0        0      0    -999   A0.0   0  0  0  0  0  0  0
2009 08 13   67      0        0      0    -999   A0.0   0  0  0  0  0  0  0
2009 08 14   68      0        0      0    -999   A0.0   0  0  0  0  0  0  0
2009 08 15   68      0        0      0    -999   A0.0   0  0  0  0  0  0  0
2009 08 16   69      0        0      0    -999   A0.0   0  0  0  0  0  0  0
2009 08 17   68      0        0      0    -999   A0.0   0  0  0  0  0  0  0
2009 08 18   67      0        0      0    -999   A0.0   0  0  0  0  0  0  0
2009 08 19   67      0        0      0    -999   A0.0   0  0  0  0  0  0  0
2009 08 20   68      0        0      0    -999   A0.0   0  0  0  0  0  0  0
2009 08 21   66      0        0      0    -999   A0.0   0  0  0  0  0  0  0
2009 08 22   67      0        0      0    -999   A0.0   0  0  0  0  0  0  0
2009 08 23   67      0        0      0    -999   A0.0   0  0  0  0  0  0  0
2009 08 24   68      0        0      0    -999   A0.0   0  0  0  0  0  0  0
2009 08 25   67      0        0      0    -999   A0.0   0  0  0  0  0  0  0
2009 08 26   67      0        0      0    -999   A0.0   0  0  0  0  0  0  0
2009 08 27   68      0        0      0    -999   A0.0   0  0  0  0  0  0  0
2009 08 28   68      0        0      0    -999   A0.0   0  0  0  0  0  0  0
2009 08 29   68      0        0      0    -999   A0.0   0  0  0  0  0  0  0
2009 08 30   67      0        0      0    -999   A0.0   0  0  0  0  0  0  0
2009 08 31   68     12       10      1    -999   A0.0   0  0  0  0  0  0  0
2009 09 01   69     12       10      0    -999   A0.0   0  0  0  0  0  0  0
2009 09 02   68      0        0      0    -999   A0.0   0  0  0  0  0  0  0
2009 09 03   69      0        0      0    -999   A0.0   0  0  0  0  0  0  0
2009 09 04   68      0        0      0    -999   A0.0   0  0  0  0  0  0  0
2009 09 05   69      0        0      0    -999   A0.0   0  0  0  0  0  0  0
2009 09 06   69      0        0      0    -999   A0.0   0  0  0  0  0  0  0
2009 09 07   69      0        0      0    -999   A0.0   0  0  0  0  0  0  0
2009 09 08   69      0        0      0    -999   A0.0   0  0  0  0  0  0  0
2009 09 09   69      0        0      0    -999   A0.0   0  0  0  0  0  0  0
2009 09 10   69      0        0      0    -999   A0.0   0  0  0  0  0  0  0
2009 09 11   69      0        0      0    -999   A0.0   0  0  0  0  0  0  0
2009 09 12   69      0        0      0    -999   A0.0   0  0  0  0  0  0  0
2009 09 13   69      0        0      0    -999   A0.0   0  0  0  0  0  0  0
2009 09 14   69      0        0      0    -999   A0.0   0  0  0  0  0  0  0
2009 09 15   69      0        0      0    -999   A0.0   0  0  0  0  0  0  0
2009 09 16   69      0        0      0    -999   A0.0   0  0  0  0  0  0  0
2009 09 17   69      0        0      0    -999   A0.0   0  0  0  0  0  0  0
2009 09 18   69      0        0      0    -999   A0.0   0  0  0  0  0  0  0
2009 09 19   71      0        0      0    -999   A0.0   0  0  0  0  0  0  0
2009 09 20   71      0        0      0    -999   A0.0   0  0  0  0  0  0  0
2009 09 21   72     11       10      1    -999   A0.0   0  0  0  0  0  0  0
2009 09 22   75     26       70      1    -999   A1.4   0  0  0  0  0  0  0
2009 09 23   76     31      140      0    -999   A1.3   0  0  0  0  0  0  0
2009 09 24   75     32      180      0    -999   A0.0   0  0  0  1  0  0  0
2009 09 25   72     25       80      0    -999   A0.0   1  0  0  0  0  0  0
2009 09 26   72     14       60      0    -999   A0.0   0  0  0  0  0  0  0
2009 09 27   72     11       10      0    -999   A0.0   0  0  0  0  0  0  0
2009 09 28   73     11       10      0    -999   A0.0   0  0  0  0  0  0  0
2009 09 29   72     14       40      0    -999   A0.0   0  0  0  0  0  0  0
2009 09 30   72     11       10      0    -999   A0.0   0  0  0  0  0  0  0
2009 10 01   72     11       10      0    -999   A0.0   0  0  0  0  0  0  0
2009 10 02   72      0        0      0    -999   A0.0   0  0  0  0  0  0  0
2009 10 03   72      0        0      0    -999   A0.0   0  0  0  0  0  0  0
2009 10 04   71      0        0      0    -999   A0.0   0  0  0  0  0  0  0
2009 10 05   70      0        0      0    -999   A0.0   0  0  0  0  0  0  0
2009 10 06   69      0        0      0    -999   A0.0   0  0  0  0  0  0  0
2009 10 07   69      0        0      0    -999   A0.0   0  0  0  0  0  0  0
2009 10 08   69      0        0      0    -999   A0.0   0  0  0  0  0  0  0
2009 10 09   69      0        0      0    -999   A0.0   0  0  0  0  0  0  0
2009 10 10   70      0        0      0    -999   A0.0   0  0  0  0  0  0  0
2009 10 11   70      0        0      0    -999   A0.0   0  0  0  0  0  0  0
2009 10 12   70      0        0      0    -999   A0.0   0  0  0  0  0  0  0
2009 10 13   70      0        0      0    -999   A0.0   0  0  0  0  0  0  0
2009 10 14   71      0        0      0    -999   A0.0   0  0  0  0  0  0  0
2009 10 15   70      0        0      0    -999   A0.0   0  0  0  0  0  0  0
2009 10 16   70      0        0      0    -999   A0.0   0  0  0  0  0  0  0
2009 10 17   71      0        0      0    -999   A0.0   0  0  0  0  0  0  0
2009 10 18   70      0        0      0    -999   A0.0   0  0  0  0  0  0  0
2009 10 19   71      0        0      0    -999   A0.0   0  0  0  0  0  0  0
2009 10 20   71     11       10      1    -999   A0.0   0  0  0  0  0  0  0
2009 10 21   71      0        0      0    -999   A0.0   0  0  0  0  0  0  0
2009 10 22   72      0        0      0    -999   A0.0   0  0  0  0  0  0  0
2009 10 23   73     30       60      1    -999   A0.0   0  0  0  0  0  0  0
2009 10 24   76     21      120      0    -999   A0.0   0  0  0  0  0  0  0
2009 10 25   76     28      130      0    -999   A1.2   1  0  0  0  0  0  0
2009 10 26   81     29      190      0    -999   A6.2   3  0  0  4  0  0  0
2009 10 27   82     29      260      0    -999   A4.2   5  0  0  3  0  0  0
2009 10 28   80     26      340      0    -999   A4.4   1  0  0  1  0  0  0
2009 10 29   77     19      380      0    -999   A2.7   0  0  0  0  0  0  0
2009 10 30   75     13      320      0    -999   A2.8   0  0  0  0  0  0  0
2009 10 31   75      0        0      0    -999   A7.5   1  0  0  0  0  0  0
2009 11 01   72      0        0      0    -999   A1.4   0  0  0  0  0  0  0
2009 11 02   71      0        0      0    -999   A0.0   0  0  0  0  0  0  0
2009 11 03   72      0        0      0    -999   A0.0   0  0  0  0  0  0  0
2009 11 04   71      0        0      0    -999   A0.0   0  0  0  0  0  0  0
2009 11 05   71     15       50      1    -999   A0.0   0  0  0  0  0  0  0
2009 11 06   71     16       10      0    -999   A0.0   0  0  0  0  0  0  0
2009 11 07   71     11       10      0    -999   A0.0   0  0  0  0  0  0  0
2009 11 08   71      0        0      0    -999   A0.0   0  0  0  0  0  0  0
2009 11 09   72     14       10      0    -999   A0.0   0  0  0  0  0  0  0
2009 11 10   73     13       10      0    -999   A0.0   0  0  0  0  0  0  0
2009 11 11   72     11       10      0    -999   A0.0   0  0  0  0  0  0  0
2009 11 12   73     11       10      0    -999   A0.0   0  0  0  0  0  0  0
2009 11 13   74      0        0      0    -999   A0.0   0  0  0  0  0  0  0
2009 11 14   75      0        0      0    -999   A0.0   0  0  0  0  0  0  0
2009 11 15   75     11       10      1    -999   A0.0   0  0  0  0  0  0  0
2009 11 16   76     12       10      0    -999   A0.0   0  0  0  0  0  0  0
2009 11 17   77      0        0      0    -999   A0.0   0  0  0  0  0  0  0
2009 11 18   76     29       20      2    -999   A0.0   0  0  0  0  0  0  0
2009 11 19   77     30       20      0    -999   A0.0   0  0  0  0  0  0  0
2009 11 20   76     31       20      0    -999   A0.0   0  0  0  0  0  0  0
2009 11 21   76     14       10      0    -999   A0.0   0  0  0  0  0  0  0
2009 11 22   76     13       10      0    -999   A0.0   0  0  0  0  0  0  0
2009 11 23   76      0        0      0    -999   A0.0   0  0  0  0  0  0  0
2009 11 24   75      0        0      0    -999   A0.0   0  0  0  0  0  0  0
2009 11 25   74      0        0      0    -999   A0.0   0  0  0  0  0  0  0
2009 11 26   75      0        0      0    -999   A0.0   0  0  0  0  0  0  0
2009 11 27   74      0        0      0    -999   A0.0   0  0  0  0  0  0  0
2009 11 28   73      0        0      0    -999   A0.0   0  0  0  0  0  0  0
2009 11 29   72      0        0      0    -999   A0.0   0  0  0  0  0  0  0
2009 11 30   72      0        0      0    -999   A0.0   0  0  0  0  0  0  0
2009 12 01   72      0        0      0    -999   A0.0   0  0  0  0  0  0  0
2009 12 02   71      0        0      0    -999   A0.0   0  0  0  0  0  0  0
2009 12 03   72      0        0      0    -999   A0.0   0  0  0  0  0  0  0
2009 12 04   72      0        0      0    -999   A0.0   0  0  0  0  0  0  0
2009 12 05   72      0        0      0    -999   A0.0   0  0  0  0  0  0  0
2009 12 06   72      0        0      0    -999   A0.0   0  0  0  0  0  0  0
2009 12 07   71      0        0      0    -999   A0.0   0  0  0  0  0  0  0
2009 12 08   72      0        0      0    -999   A0.0   0  0  0  0  0  0  0
2009 12 09   73     13       10      1    -999   A0.0   0  0  0  0  0  0  0
2009 12 10   74     13       10      0    -999   A0.0   1  0  0  0  0  0  0
2009 12 11   72     13       20      0    -999   A0.0   0  0  0  0  0  0  0
2009 12 12   75     12       20      0    -999   A0.0   0  0  0  0  0  0  0
2009 12 13   76     14       20      0    -999   A1.2   0  0  0  0  0  0  0
2009 12 14   79     28       30      1    -999   A2.6   0  0  0  1  0  0  0
2009 12 15   82     38      130      0    -999   A5.0   0  0  0  0  0  0  0
2009 12 16   83     30      140      0    -999   B1.2   3  0  0  3  0  0  0
2009 12 17   87     24      210      0    -999   B1.4   0  0  0  1  0  0  0
2009 12 18   84     20      310      0    -999   A8.3   1  0  0  0  0  0  0
2009 12 19   82     43      240      2    -999   A7.1   1  0  0  2  0  0  0
2009 12 20   84     42      330      1    -999   A9.7   0  0  0  0  0  0  0
2009 12 21   83     42      180      0    -999   A9.3   2  0  0  0  0  0  0
2009 12 22   82     26       20      0    -999   B1.0   5  0  0  2  0  0  0
2009 12 23   78     23       70      0    -999   A7.5   1  0  0  1  0  0  0
2009 12 24   77     11       10      0    -999   A4.0   0  0  0  0  0  0  0
2009 12 25   76      0        0      0    -999   A2.9   0  0  0  1  0  0  0
2009 12 26   76     13       10      1    -999   A4.1   0  0  0  0  0  0  0
2009 12 27   77     17      100      0    -999   A2.0   0  0  0  0  0  0  0
2009 12 28   76     17       90      0    -999   A1.4   0  0  0  0  0  0  0
2009 12 29   75     17       80      0    -999   A1.2   0  0  0  0  0  0  0
2009 12 30   77     15       50      0    -999   A1.4   0  0  0  0  0  0  0
2009 12 31   80     16      120      0    -999   A8.5   0  0  0  0  0  0  0
