:Product: Daily Solar Data         1999_DSD.txt
:Issued: 0100 UT 22 Mar 2000
#
#  Prepared by the U.S. Dept. of Commerce, NOAA, Space Environment Center.
#  Please send comments and suggestions to sec@sec.noaa.gov
#
#                       1999 Daily Solar Data
#

                          Sunspot       Stanford GOES8
            Radio  SESC     Area          Solar  X-Ray  ------ Flares ------
            Flux  Sunspot  10E-6   New     Mean  Bkgd    X-Ray      Optical
   Date     10.7cm Number  Hemis. Regions Field  Flux   C  M  X  S  1  2  3
1999 01 01  167    121      860      0      24   B6.3   4  1  0  5  2  0  0
1999 01 02  160    107      690      2      18   B8.7   4  0  0  2  0  0  0
1999 01 03  155    113      670      1      -1   B6.7   7  0  0  6  1  0  0
1999 01 04  147     94      550      1       1   B6.8   4  0  0  3  0  0  0
1999 01 05  137     87      490      1     -32   B6.6   5  0  0  0  0  0  0
1999 01 06  126     70      260      0     -75   B7.0   5  0  0  5  0  0  0
1999 01 07  115    125      260      3    -999   C2.1   0  0  0  0  0  0  0
1999 01 08  116     99      150      0     -10   B2.3   2  0  0  2  0  0  0
1999 01 09  115     70      160      1     -25   B2.2   1  0  0  0  0  0  0
1999 01 10  110     62      210      1       3   B2.7   1  0  0  1  0  0  0
1999 01 11  112     46      140      0      33   B2.0   4  0  0  1  0  0  0
1999 01 12  113     66      290      2      35   B5.7   2  0  0  5  0  0  0
1999 01 13  119     77      450      1      26   B2.2  10  0  0 14  2  0  0
1999 01 14  137     86      560      1      35   B4.4  11  2  0 24  1  0  0
1999 01 15  143    106      680      0      12   B5.5  25  1  0 17  5  0  0
1999 01 16  159    106      720      0      19   B6.6  20  2  0 17  1  0  0
1999 01 17  161    131      610      1    -999   B7.4  22  0  0 22  0  0  0
1999 01 18  171    169      730      1    -999   B9.2  25  1  0 30  3  0  0
1999 01 19  176    182      750      2    -999   C1.0   8  0  0 24  0  0  0
1999 01 20  172    156      760      0    -999   C1.0   5  1  0  7  0  0  0
1999 01 21  175    134      880      1     -31   C6.1   1  0  0 11  0  0  0
1999 01 22  178    141     1020      1    -999   C1.8   8  1  0 32  1  0  0
1999 01 23  166    117      760      0    -999   C1.2  13  0  0 15  2  0  0
1999 01 24  162    107      510      1      23   C1.0   4  0  0 12  0  0  0
1999 01 25  138     81      290      0    -999   C1.7   4  1  0  4  0  0  0
1999 01 26  133     47      100      1    -999   C1.1   3  0  0  3  1  0  0
1999 01 27  125     64       70      1       6   B4.2   3  0  0  0  0  1  0
1999 01 28  119     37       20      0      22   B7.4   0  0  0  2  0  0  0
1999 01 29  118     33       30      0       4   B2.4   1  0  0  2  0  0  0
1999 01 30  118     29      170      0       3   B2.4   0  0  0  1  0  0  0
1999 01 31  115     59      210      2    -999   B3.6   0  0  0  2  0  0  0
1999 02 01  118     36       80      0     -42   B3.0   1  0  0  1  0  0  0
1999 02 02  111     47       30      2     -26   B4.7   0  0  0  2  0  0  0
1999 02 03  109     42      100      0     -30   B3.5   1  0  0  0  0  0  0
1999 02 04  107     20      190      0     -45   B2.1   1  0  0  0  0  0  0
1999 02 05  104     15       20      0       8   B2.3   0  0  0  0  0  0  0
1999 02 06   99     27       50      1    -999   B1.9   0  0  0  0  0  0  0
1999 02 07  110     36       20      1    -999   B1.6   0  0  0  2  0  0  0
1999 02 08  125     75      420      3    -999   B3.4   5  0  0  8  0  0  0
1999 02 09  129     57      620      0    -999   B3.6   3  0  0  3  0  0  0
1999 02 10  152     69     1110      1      18   B4.1   3  0  0 11  0  0  0
1999 02 11  164     84     1270      0      41   C1.0   2  0  0  2  0  0  0
1999 02 12  188    165     1370      4      14   B7.1  10  1  0 15  2  0  0
1999 02 13  198    199     1590      1      64   B6.8  11  0  0 20  0  0  0
1999 02 14  205    211     1610      0    -999   B7.8  10  1  0 12  0  0  0
1999 02 15  190    167     1710      0      32   C1.4   9  0  0 15  3  0  0
1999 02 16  192    176     1660      2    -999   B9.2   8  2  0  7  3  0  0
1999 02 17  190    135     1460      0      12   B7.2   6  0  0 11  0  0  0
1999 02 18  168    135     1350      0    -999   B8.9  11  0  0 15  0  0  0
1999 02 19  164    122     1300      0      16   B6.0   3  0  0  7  0  0  0
1999 02 20  157    118     1020      1    -999   B7.9  10  0  0  9  0  0  0
1999 02 21  147    103      620      1      24   B5.9   2  1  0  4  0  0  0
1999 02 22  130    108      200      1      16   B4.6   1  0  0  1  0  0  0
1999 02 23  127     38      200      1      32   B4.4   0  0  0  0  0  0  0
1999 02 24  120     56      130      1      19   B2.4   0  0  0  2  0  0  0
1999 02 25  120     66       70      0      21   B2.3   3  0  0  3  0  0  0
1999 02 26  115     70      160      1     -13   B2.1   2  0  0  4  0  0  0
1999 02 27  115     93      140      2     -28   B2.2   2  0  0  3  0  0  0
1999 02 28  123    145      240      2    -999   B2.0   3  1  0  7  0  1  0
1999 03 01  120    127      370      1     -43   B3.5   4  0  0  7  0  0  0
1999 03 02  130    143      540      2     -41   B2.8   4  0  0 20  1  0  0
1999 03 03  137    148      630      1     -49   B4.1   5  0  0 22  1  0  0
1999 03 04  144    144      660      0     -36   B4.3   4  0  0  3  0  0  0
1999 03 05  128    135      650      0     -44   B4.6   2  0  0  2  1  0  0
1999 03 06  114    136      530      2     -15   B3.3   2  0  0  5  0  0  0
1999 03 07  110     93      420      0    -999   B8.0   1  0  0  1  0  0  0
1999 03 08  127    107      530      3    -999   B3.5   1  1  0  2  0  0  0
1999 03 09  127     89      520      0     -22   B3.9   4  0  0  5  2  0  0
1999 03 10  135     88      590      0    -999   B3.7   4  0  0 10  0  0  0
1999 03 11  137     95      700      1      22   B3.3   8  0  0 23  0  0  0
1999 03 12  140     98      730      0      17   B5.0  11  0  0 22  2  0  0
1999 03 13  144    107      760      0      31   B5.2   7  1  0 18  0  0  0
1999 03 14  150    131      970      1    -999   B6.0   3  2  0 12  1  0  0
1999 03 15  150    126      800      0    -999   B4.3   7  1  0 12  2  0  0
1999 03 16  156    134      900      1    -999   B5.3  16  3  0 16  2  1  0
1999 03 17  155    131      820      1      -4   B5.0  12  2  0 11  1  0  0
1999 03 18  148    127      640      1      -1   B5.9  13  1  0  3  2  0  0
1999 03 19  139    157      550      5    -999   B4.6   2  0  0  3  0  0  0
1999 03 20  133    119      220      0    -999   B3.9   0  0  0  0  0  0  0
1999 03 21  124     97      230      0    -999   B4.4   1  0  0  0  0  0  0
1999 03 22  116    101      160      1    -999   B2.8   1  0  0  0  0  0  0
1999 03 23  113     33       90      1    -999   B1.6   0  0  0  0  0  0  0
1999 03 24  108     52      180      1    -999   B1.5   0  0  0  0  0  0  0
1999 03 25  107     48      210      0    -999   B1.4   0  0  0  2  0  0  0
1999 03 26  104     33      120      0    -999   B1.1   0  0  0  0  0  0  0
1999 03 27  105     45      130      2     -44   B1.1   0  0  0  1  0  0  0
1999 03 28  103     65      170      1     -52   B1.1   0  0  0  0  0  0  0
1999 03 29  104     63      250      1     -18   A8.9   1  0  0  3  0  0  0
1999 03 30  105     72      270      1     -22   B1.0   0  0  0  0  0  0  0
1999 03 31  102     70      180      1     -52   A8.9   0  0  0  0  0  0  0
1999 04 01  103     59      220      0     -40   B1.1   0  0  0  0  0  0  0
1999 04 02  100     50      180      0     -35   B1.9   0  1  0  0  0  0  0
1999 04 03  103     77      160      3    -999   B2.9   5  1  0 15  1  0  0
1999 04 04  116     90      250      0     -23   C1.3   1  1  0  4  2  0  0
1999 04 05  133    111      560      1    -999   B6.8   3  0  0  6  0  0  0
1999 04 06  137    119      540      2    -999   B3.9   3  0  0  7  0  0  0
1999 04 07  141    121      560      0    -999   C1.0   3  0  0 10  0  0  0
1999 04 08  139    125      510      1    -999   B4.8  10  1  0  8  0  0  0
1999 04 09  136    139      530      1      48   B3.3   2  0  0  6  0  0  0
1999 04 10  136    129      550      0      46   B3.5   1  0  0  3  0  0  0
1999 04 11  131    103      370      0    -999   B2.6   1  0  0  4  0  0  0
1999 04 12  130    113      270      1     -10   B2.3   1  0  0  6  0  0  0
1999 04 13  130    122      210      1      -7   B2.4   1  0  0  4  1  0  0
1999 04 14  120    107      200      1      -4   B2.1   0  0  0  3  0  0  0
1999 04 15  122     95      120      0      18   B2.0   1  0  0  0  0  0  0
1999 04 16  123     87      200      1      18   B2.8   0  0  0  0  0  0  0
1999 04 17  116     99      300      2      16   B2.6   0  0  0  5  0  0  0
1999 04 18  113     98      220      0      36   B1.8   0  0  0  2  0  0  0
1999 04 19  110     90      270      2      35   B2.3   0  0  0  2  0  0  0
1999 04 20  105     79      310      0      15   B2.1   0  0  0  4  0  0  0
1999 04 21  103     79      280      0      13   B2.0   2  0  0 10  0  0  0
1999 04 22  100     62      240      0      -5   B3.6   2  0  0  0  0  0  0
1999 04 23   98     71      230      1     -14   B1.6   0  0  0  0  0  0  0
1999 04 24  101     89      160      2     -12   B1.4   0  0  0  4  0  0  0
1999 04 25  103     69      270      0      -1   B1.7   0  0  0  2  0  0  0
1999 04 26  105     69      400      0     -20   A9.1   0  0  0  1  0  0  0
1999 04 27  109     82      420      0     -23   B1.8   1  0  0  5  0  0  0
1999 04 28  110     76      440      0     -36   B3.8   1  0  0  1  0  0  0
1999 04 29  122     98      500      2     -21   B3.7   8  1  0 12  1  0  0
1999 04 30  124     80      470      1     -36   B4.4   3  0  0  3  1  0  0
1999 05 01  126     92      470      1     -10   B3.7   1  0  0  1  0  0  0
1999 05 02  136    136      500      2    -999   B4.3   4  0  0  6  1  0  0
1999 05 03  127     95      370      0    -999   B4.3   5  2  0  8  0  1  0
1999 05 04  139    100      320      1      22   B3.7  10  0  0  2  1  0  0
1999 05 05  141    145      380      3      31   B6.3   3  0  0  0  0  0  0
1999 05 06  147    141      570      2      12   B5.6   5  0  0  5  0  0  0
1999 05 07  163    162      690      4      -2   B7.6   7  1  0 24  1  0  0
1999 05 08  172    192     1500      1     -22   C1.6  10  2  0 28  3  1  0
1999 05 09  178    192     1090      0     -21   C2.2   6  3  0 21  1  0  0
1999 05 10  170    174      900      0      -8   C1.8  12  1  0  7  0  1  0
1999 05 11  159    191      850      0     -13   B8.4   7  0  0  9  1  0  0
1999 05 12  153    141      590      1      12   B8.7   2  0  0  1  0  0  0
1999 05 13  147    118      600      1     -11   B5.4   0  0  0  6  0  0  0
1999 05 14  144    126      680      2      35   B4.2   3  0  0  5  0  0  0
1999 05 15  144    167      940      2      28   B4.6   0  0  0 13  0  0  0
1999 05 16  152    151     1020      0      28   B4.1   2  3  0  5  2  0  0
1999 05 17  145    148     1190      1      19   B7.7  12  2  0  6  1  0  0
1999 05 18  141    129      970      0      11   B6.9   4  0  0  5  0  0  0
1999 05 19  142    120      630      0     -21   B6.8   4  0  0  1  0  0  0
1999 05 20  143    121      780      2       3   B4.8   3  0  0 11  0  0  0
1999 05 21  140    128     1160      1     -10   B5.1   1  0  0  9  0  0  0
1999 05 22  140    121     1050      0     -35   B8.5   1  0  0  3  0  0  0
1999 05 23  141    104      750      0     -11   B5.0   9  0  0  6  0  0  0
1999 05 24  137    104     1030      1     -17   B5.6   8  0  0 10  0  0  0
1999 05 25  143    130      910      2     -19   B4.2   8  0  0 17  0  0  0
1999 05 26  153    152      990      1     -17   B7.5   4  1  0 15  0  1  0
1999 05 27  155    154      870      2     -27   B6.5   9  0  0 17  2  0  0
1999 05 28  152    146      740      3     -28   B6.6   6  0  0  7  0  0  0
1999 05 29  149    151      850      1    -999   B6.3   2  1  0  7  0  0  0
1999 05 30  157    169     1050      0      -3   B4.7   7  0  0  8  0  0  0
1999 05 31  165    157      990      2      17   B6.3   6  0  0  9  0  0  0
1999 06 01  176    190     1300      1      -5   B7.6  10  0  0 17  3  0  0
1999 06 02  173    214     1690      2    -999   B7.5  12  0  0 11  1  0  0
1999 06 03  174    176     1790      1    -999   C1.3  10  1  0 31  4  0  0
1999 06 04  171    209     1490      3     -27   B7.5   5  1  0 17  0  1  0
1999 06 05  164    233     1110      4     -31   B6.5   4  0  0  5  0  0  0
1999 06 06  168    238      900      2     -20   B7.4   2  0  0 16  0  0  0
1999 06 07  158    198     1130      0     -16   B8.9   5  0  0  6  0  0  0
1999 06 08  157    192     1010      2       9   B6.3   3  0  0 13  0  0  0
1999 06 09  165    204     1100      2      30   B5.6   5  0  0  7  0  0  0
1999 06 10  161    214     1020      1      10   B5.3   3  0  0  9  0  0  0
1999 06 11  165    211     1030      2      30   B5.7   5  0  0  8  1  0  0
1999 06 12  168    233     1240      2      20   B5.8   6  1  0 12  1  0  0
1999 06 13  168    211     1340      0      14   B7.0   7  0  0 25  1  0  0
1999 06 14  168    210     1540      0      25   B8.5   2  0  0 15  0  0  0
1999 06 15  159    240     1270      3       7   B7.0   2  0  0  7  0  0  0
1999 06 16  153    201      940      1       3   B6.9   3  0  0  5  1  0  0
1999 06 17  147    167      820      2       3   B6.8   4  1  0  3  0  0  0
1999 06 18  147    109      530      0      11   C1.0  13  0  0  5  1  0  0
1999 06 19  139    117      620      1      10   B9.3   2  0  0  0  0  0  0
1999 06 20  152    102     1040      2      11   B9.0  11  1  0  7  0  0  0
1999 06 21  146    148     1050      5     -16   C1.8   5  0  0  5  1  0  0
1999 06 22  162    160     1010      1      -7   B7.0   3  1  0  7  1  0  0
1999 06 23  168    169     1000      3      -1   B9.4   7  2  0  5  1  1  0
1999 06 24  185    229     1530      3      -1   B8.9  13  0  0 21  3  0  0
1999 06 25  201    260     1970      0       8   C1.1   1  0  0 16  0  0  0
1999 06 26  200    310     1850      4      15   B8.7   9  1  0 18  2  1  0
1999 06 27  207    341     1700      2      23   C1.3   6  1  0  7  0  1  0
1999 06 28  197    268     1160      0      10   B9.6  10  0  0 20  3  0  0
1999 06 29  191    259     1100      0      -5   B9.6   9  3  0 16  4  0  0
1999 06 30  210    237      940      1     -31   C1.2   6  4  0 24  3  1  0
1999 07 01  195    236     1110      2     -30   C1.7  10  2  0 34  4  0  0
1999 07 02  187    232     1270      2     -14   C1.4  10  2  0 16  1  0  0
1999 07 03  197    213     1400      3     -11   B9.5   8  0  0 21  1  0  0
1999 07 04  186    211     1490      1     -10   C2.0   8  0  0 24  3  0  0
1999 07 05  174    188     1310      0     -10   C1.3  10  1  0 27  2  0  0
1999 07 06  168    190     1300      4     -15   B5.5   4  0  0  3  0  0  0
1999 07 07  158    158     1280      1      13   B7.4   9  0  0 15  0  0  0
1999 07 08  149    143      930      1       3   B9.1   4  0  0  7  0  0  0
1999 07 09  151    170     1020      3    -999   B4.6  10  0  0 27  1  0  0
1999 07 10  156    174      830      0    -999   B5.4   5  0  0  5  1  0  0
1999 07 11  153    202     1110      2    -999   B7.2   6  0  0 16  0  0  0
1999 07 12  154    199     1130      2      34   B6.8   8  0  0 16  0  0  0
1999 07 13  144    188      940      0       3   B6.8   2  0  0  4  0  0  0
1999 07 14  130    120      550      0      -6   B4.1   0  0  0  0  1  0  0
1999 07 15  130    109      430      1       6   B2.7   2  0  0  6  0  0  0
1999 07 16  132     97      680      0      29   B3.0   1  2  0  4  0  0  0
1999 07 17  137     97      480      1      19   B6.5   8  0  0 14  0  0  0
1999 07 18  138    119      740      2      22   C1.6  10  0  0  9  0  0  0
1999 07 19  141    126      620      1      33   B7.9   3  1  0  8  0  1  0
1999 07 20  140    115      550      2      53   B6.6   8  0  0  5  0  0  0
1999 07 21  147    124      580      1      57   B5.8   6  0  0  8  0  0  0
1999 07 22  153    127     1110      1      57   C1.1   4  0  0 16  0  0  0
1999 07 23  194    158     1210      1      19   C3.6   5  3  0 18  1  1  0
1999 07 24  184    173     1270      2      21   C1.9   8  4  0 11  1  0  0
1999 07 25  182    183     1390      2     -15   C1.3   5  2  0 13  1  0  0
1999 07 26  172    150     1310      0     -35   B9.8   4  0  0  4  0  0  0
1999 07 27  175    161     1520      3     -22   B7.0   3  1  0  4  1  0  0
1999 07 28  198    218     1540      2     -20   B7.4   4  2  0 29  2  0  0
1999 07 29  202    226     1520      0     -21   C1.4   7  2  0 25  5  1  0
1999 07 30  206    218     1620      0      -1   C1.7  16  1  0 30  3  0  0
1999 07 31  201    220     1720      1      29   C1.1  11  0  0 21  1  0  0
1999 08 01  216    267     1690      2      22   C1.0   9  0  0 22  0  0  0
1999 08 02  213    210     2130      1      11   C2.5  11  1  1 23  1  0  0
1999 08 03  211    217     2110      2      -1   C1.6  13  1  0 16  0  0  0
1999 08 04  200    177     1970      1     -21   C1.1  10  2  0 19  2  0  0
1999 08 05  177    187     1360      1    -999   C1.2   6  3  0 14  2  0  0
1999 08 06  170    164     1030      1      -4   C1.5   7  2  0 17  1  0  0
1999 08 07  153    149      930      1      -3   C1.5   7  2  0 10  0  0  0
1999 08 08  138    154      720      1      36   C1.0   9  0  0  9  0  0  0
1999 08 09  138    118      550      0     -12   B6.4   6  0  0  4  1  0  0
1999 08 10  127     89      360      0      13   B5.3   9  0  0 12  1  0  0
1999 08 11  128     76      400      1    -999   B4.1   1  0  0  3  0  0  0
1999 08 12  123    100      320      2      40   B8.2   3  0  0  1  0  0  0
1999 08 13  127     82      440      1      34   B4.3   6  0  0  8  0  0  0
1999 08 14  128     79      520      1      44   B3.7   9  0  0  4  1  0  0
1999 08 15  131     87      530      2      58   B4.9   2  0  0  4  1  0  0
1999 08 16  131     71      490      0      81   B5.3   2  0  0  5  0  0  0
1999 08 17  141     67      460      0      79   B3.2   3  0  0  5  0  0  0
1999 08 18  131     69      490      1      69   B9.1   3  0  0  3  0  0  0
1999 08 19  135     68      490      1      26   C3.5   0  1  0  1  1  0  0
1999 08 20  152     65      770      1      -5   C1.8   5  3  0  9  1  0  0
1999 08 21  161     79     1040      0     -40   C1.0   5  2  0  3  2  0  0
1999 08 22  173     78     1170      0     -54   B7.9  10  0  0  8  0  0  0
1999 08 23  188    110     1240      0     -16   C1.2   6  0  0  1  0  0  0
1999 08 24  202    103     1030      2      13   B9.6   4  0  0  6  2  0  0
1999 08 25  208    127      980      2       6   C1.1   7  1  0  6  1  0  0
1999 08 26  222    176     1130      2    -999   C1.1   6  0  0 12  0  0  0
1999 08 27  223    194     1450      0     116   C1.7   4  3  0 15  1  2  0
1999 08 28  248    225     1400      1      92   C1.2   4  1  1 10  1  2  0
1999 08 29  218    229     1570      1      92   C1.8   5  0  0 18  1  0  0
1999 08 30  198    212     1310      2      30   C1.3   7  1  0 20  1  1  0
1999 08 31  183    190      900      2     -10   C1.2   5  0  0  5  1  0  0
1999 09 01  163    137      740      0     -24   B9.3   2  0  0  5  0  0  0
1999 09 02  157    134      370      1     -34   B6.6   2  0  0  0  0  1  0
1999 09 03  139    116      240      1     -32   B7.7   2  0  0  2  0  0  0
1999 09 04  131    103      290      0     -25   B4.9   1  0  0  0  0  0  0
1999 09 05  122    101      230      1     -25   B3.7   1  0  0  7  0  0  0
1999 09 06  119     81      180      1       7   B2.5   1  0  0  1  0  0  0
1999 09 07  112    111      300      3      10   B4.1   2  0  0  3  0  0  0
1999 09 08  107    111      440      1      58   B3.1   1  1  0  0  1  0  0
1999 09 09  107    113      510      0      43   B2.5   1  0  0  2  0  0  0
1999 09 10  122    107      460      1      60   B2.2   0  0  0  6  0  0  0
1999 09 11  123    145      520      4      92   B2.6   1  0  0  7  0  0  0
1999 09 12  141    126      540      1      96   B4.3   8  0  0 11  0  0  0
1999 09 13  155    183      800      1      95   B6.0   5  0  0  4  1  0  0
1999 09 14  156    158      850      0      95   B6.0  13  0  0  3  0  0  0
1999 09 15  155    155      880      0      52   B6.9   6  0  0  7  0  0  0
1999 09 16  158    153     1030      1      -8   B5.7   7  0  0  5  0  0  0
1999 09 17  158    144      930      2     -14   B5.7   8  1  0 12  0  1  0
1999 09 18  152    152      670      1     -71   B9.5   5  0  0 11  0  0  0
1999 09 19  149    113      570      1     -65   B8.2   5  0  0  8  1  0  0
1999 09 20  145     78      350      0     -59   B8.0   7  0  0  3  0  0  0
1999 09 21  147     82      280      0      -8   B5.7   4  0  0  2  0  0  0
1999 09 22  140    103      290      2    -999   B4.0   3  0  0 10  1  0  0
1999 09 23  137     78      260      0      51   B3.1   1  0  0  2  0  0  0
1999 09 24  132     86      260      1      79   B3.0   0  0  0  2  0  0  0
1999 09 25  125     38      210      0     108   B2.9   1  0  0  0  0  0  0
1999 09 26  123     44      220      1      40   B4.4   0  0  0  0  0  0  0
1999 09 27  124     49      220      0       1   B2.8   1  0  0  3  0  0  0
1999 09 28  126     52      160      1     -28   B2.8   2  0  0  0  0  0  0
1999 09 29  125     84      140      3    -999   B3.3   1  0  0  2  0  0  0
1999 09 30  125     84      130      1     -57   B4.0   1  0  0  1  0  0  0
1999 10 01  122     67       60      0     -55   B4.1  13  0  0  0  0  0  0
1999 10 02  126     47      210      1     -30   B4.9   9  0  0  1  0  0  0
1999 10 03  135    117      370      5     -40   B3.4   3  0  0 12  0  0  0
1999 10 04  144    148      520      2       4   B4.2   2  0  0  5  0  0  0
1999 10 05  146    160      700      2       6   B4.9   2  0  0  3  0  0  0
1999 10 06  134    176      630      1      26   B4.1   4  0  0  5  0  0  0
1999 10 07  129    184      560      1      40   B5.7   4  0  0  3  0  0  0
1999 10 08  151    170      560      1      66   C1.0   5  0  0  6  1  0  0
1999 10 09  153    235      590      1      29   B7.9   2  0  0  8  0  0  0
1999 10 10  161    195      760      1      75   B5.8   4  0  0  1  0  0  0
1999 10 11  167    163     1070      1      86   B5.1   3  0  0  3  0  0  0
1999 10 12  184    191     1310      2      58   B7.9   3  0  0 10  0  0  0
1999 10 13  191    210     1740      0     -24   B7.8   6  0  0 15  0  0  0
1999 10 14  200    206     1390      0     -35   B7.3   6  0  1 15  1  0  0
1999 10 15  198    130     1370      1     -71   C2.1  13  0  0 13  1  0  0
1999 10 16  189    189     1530      1    -999   C1.0   7  0  0  4  0  0  0
1999 10 17  178    169     1730      1     -86   B7.3   9  0  0  3  0  0  0
1999 10 18  173    135     1360      0     -59   B6.0   8  0  0 15  0  0  0
1999 10 19  170    169     1030      1     -32   B7.9  15  0  0 11  1  0  0
1999 10 20  159    193      880      2      34   B8.4   4  1  0  5  1  0  0
1999 10 21  159    154      900      0      52   B8.0  11  0  0  8  0  0  0
1999 10 22  160    153      850      2      26   C1.1   4  0  0  2  1  0  0
1999 10 23  165    114     1190      1      26   C1.1   9  0  0  7  0  0  0
1999 10 24  159    130     1280      0      30   B7.5   5  0  0  5  0  0  0
1999 10 25  179    179     1710      2      -6   B5.9   8  1  0 19  2  0  0
1999 10 26  189    200     2010      1    -999   C1.8  12  3  0 19  2  0  0
1999 10 27  197    193     1740      1    -999   C1.1   3  3  0  9  1  0  0
1999 10 28  184    196     1450      1     -30   C1.0   2  0  0 11  0  0  0
1999 10 29  180    214     1530      3     -53   B8.4   6  0  0 20  0  0  0
1999 10 30  169    217     1410      1      -9   B6.2   2  0  0  9  0  0  0
1999 10 31  160    194      990      0     -21   B8.1   9  0  0 13  2  0  0
1999 11 01  151    178     1020      0      11   B7.3   7  0  0 15  0  0  0
1999 11 02  143    124      680      0      71   B6.5   5  0  0  2  0  0  0
1999 11 03  143    117      440      2      48   B4.1   2  0  0  3  1  0  0
1999 11 04  148    108      560      1    -999   B6.3   5  0  0  6  2  0  0
1999 11 05  161    153      810      3      87   B6.7   4  2  0  4  1  0  0
1999 11 06  150    188      830      2      93   C1.8   5  0  0  3  0  0  0
1999 11 07  174    185     1000      1    -999   B8.5   4  0  0  9  0  0  0
1999 11 08  192    232     1440      1    -999   C1.2   7  0  0 18  0  0  0
1999 11 09  230    288     1710      1      40   C1.3  12  1  0 10  2  0  0
1999 11 10  249    343     2000      2    -999   C3.6   7  3  0 25  4  0  0
1999 11 11  240    340     2090      1     -76   C1.8  12  0  0 24  2  0  0
1999 11 12  232    324     1700      0      13   C1.6   3  2  0 23  1  0  0
1999 11 13  224    251     1680      1     -99   C1.2   9  1  0 24  1  0  0
1999 11 14  219    232     1760      2    -999   C3.6   9  5  0 37  2  2  0
1999 11 15  206    213     2030      1     -70   C2.5   8  1  0 20  2  1  0
1999 11 16  233    231     2250      1    -999   C1.9   5  7  0 23  4  0  0
1999 11 17  221    248     2290      1      32   C1.4  12  1  0 25  1  1  0
1999 11 18  218    194     2260      1     -11   C1.7   5  1  0 12  2  0  0
1999 11 19  210    234     1970      3     -18   C1.1   5  0  0 20  2  0  0
1999 11 20  204    225     1570      1      20   C1.0   5  1  0 13  0  2  0
1999 11 21  210    200     1290      2      -1   C2.8   2  3  0 16  2  1  0
1999 11 22  192    179     1340      0     -16   C1.2   7  0  0 24  0  0  0
1999 11 23  186    157     1220      0      30   C1.2   5  0  0 16  0  0  0
1999 11 24  187    157     1090      3     -12   C1.1  10  2  0 21  2  0  0
1999 11 25  184    147     1100      0     -21   C1.5   9  1  0 17  2  1  0
1999 11 26  172    143     1030      0    -999   C1.1   8  3  0 17  0  2  1
1999 11 27  169    187     1160      1    -999   C1.2  10  2  1 12  4  1  0
1999 11 28  175    173      730      0    -999   B9.9   8  3  0 20  0  0  0
1999 11 29  164    101      490      0    -999   C5.5   4  1  0 24  1  0  0
1999 11 30  163    127      570      2      87   B6.5  10  0  0  8  2  0  0
1999 12 01  165    119      750      1      70   B5.3   1  0  0  4  0  0  0
1999 12 02  166    156     1250      4      91   C1.0   2  0  0 10  0  0  0
1999 12 03  152    107      880      0      82   B9.6   4  0  0  2  0  0  0
1999 12 04  148     78      920      0      45   B7.1   3  0  0  3  1  0  0
1999 12 05  143     78      780      0      51   B5.1   4  0  0  1  0  0  0
1999 12 06  143     80      770      1      38   B4.2   8  0  0  6  0  1  0
1999 12 07  153     76      760      1    -999   C1.1   4  1  0  5  0  0  0
1999 12 08  150    116      900      3    -999   C1.0   8  0  0  3  0  0  0
1999 12 09  156    132      910      1    -999   B4.7   6  0  0  4  0  0  0
1999 12 10  164    130      840      0     -96   B5.5   3  0  0  3  0  0  0
1999 12 11  159    134      750      0    -105   B5.0   3  0  0  1  1  0  0
1999 12 12  159     97      570      0     -65   B5.8   0  0  0  1  0  0  0
1999 12 13  166    147      440      4     -20   B5.5   2  0  0  2  0  0  0
1999 12 14  168    139      490      2    -999   B6.8   3  0  0  4  0  0  0
1999 12 15  179    148      540      0    -999   B7.2   3  0  0  7  0  0  0
1999 12 16  194    146      710      3       3   C1.0   4  0  0  6  0  0  0
1999 12 17  201    179     1180      2     -16   C1.5   9  1  0  8  3  0  0
1999 12 18  206    190     1470      1    -999   C1.5  10  1  0 16  4  0  0
1999 12 19  207    154     1750      1    -999   B9.4  11  0  0 14  0  0  0
1999 12 20  209    149     1860      0     -37   C1.6   9  0  0 20  1  0  0
1999 12 21  217    129     1720      0      30   C1.1   7  1  0  9  1  0  0
1999 12 22  202    130     1720      0      20   C1.4   5  2  0 15  2  1  0
1999 12 23  198    112     1780      0     -12   B8.2   8  0  0 21  0  0  0
1999 12 24  182    149     1690      2     -16   B8.9  17  0  0  8  0  0  0
1999 12 25  178    141     1580      1      -5   B7.0  10  0  0  5  0  0  0
1999 12 26  177    125     1550      0       9   B8.9   9  0  0  6  0  0  0
1999 12 27  162    109     1450      0      31   B7.4   7  2  0  9  1  0  0
1999 12 28  150     77     1130      0    -999   B7.6   5  1  0  8  0  1  0
1999 12 29  144    123     1030      3    -999   B4.6   3  0  0  3  1  0  0
1999 12 30  136     88      530      0      73   B4.7   3  0  0  1  0  0  0
1999 12 31  130     91      530      1    -999   B4.4   2  0  0  1  0  0  0
