:Product: Daily Solar Data         2004_DSD.txt
#
#  Prepared by the U.S. Dept. of Commerce, NOAA, Space Environment Center.
#  Please send comments and suggestions to SEC.Webmaster@noaa.gov
#
#                           2004 Daily Solar Data
#
#                         Sunspot       Stanford GOES12
#           Radio  SESC     Area          Solar  X-Ray  ------ Flares ------
#           Flux  Sunspot  10E-6   New     Mean  Bkgd    X-Ray      Optical
#  Date     10.7cm Number  Hemis. Regions Field  Flux   C  M  X  S  1  2  3
#--------------------------------------------------------------------------- 
2004 01 01  116     47      490      2    -999   B7.5   8  0  0  2  0  0  0
2004 01 02  117     51      950      0    -999   B3.0   4  0  0  1  0  0  0
2004 01 03  116     65     1150      0    -999   B2.6   1  0  0  2  0  0  0
2004 01 04  119     80      920      0    -999   B3.2   5  0  0  1  0  0  0
2004 01 05  123     80     1050      0    -999   C1.4   3  1  0  3  0  1  0
2004 01 06  117     78     1060      1    -999   B3.9   4  1  0  1  0  0  0
2004 01 07  119     93     1010      2    -999   B3.5   2  2  0  2  0  1  0
2004 01 08  120    118     1010      0    -999   B2.4   2  1  0  3  1  0  0
2004 01 09  118     88      870      0    -999   B2.3   4  2  0  3  1  1  0
2004 01 10  119     66      760      0    -999   B2.6   6  0  0  6  1  0  0
2004 01 11  119     53      690      0    -999   B3.7   6  0  0  3  0  0  0
2004 01 12  118     77      550      1    -999   B4.2   4  0  0  3  0  0  0
2004 01 13  118     53      930      0    -999   B4.3   4  0  0  2  0  0  0
2004 01 14  121     58      790      0    -999   B3.5   1  0  0  0  0  0  0
2004 01 15  119     57      510      1    -999   B3.4   2  0  0  0  1  0  0
2004 01 16  120     68      580      1    -999   B2.7   0  0  0  1  0  0  0
2004 01 17  123     56      610      0    -999   B3.1   6  1  0  4  0  0  0
2004 01 18  120     72      390      0    -999   B2.7   3  1  0  2  1  0  0
2004 01 19  135     87      490      1    -999   B3.9   9  2  0  4  0  0  0
2004 01 20  129     94      540      1    -999   B3.9   0  1  0  1  1  1  0
2004 01 21  130    104      560      0    -999   B3.3   2  0  0  1  0  0  0
2004 01 22  122     76      400      0    -999   B2.5   0  0  0  0  0  0  0
2004 01 23  115     62      260      0    -999   B1.9   0  0  0  0  0  0  0
2004 01 24  108     47      230      0    -999   B1.8   0  0  0  0  0  0  0
2004 01 25  102     48      130      0    -999   B1.6   1  0  0  2  0  0  0
2004 01 26   98     38       30      0    -999   B1.5   1  0  0  0  0  0  0
2004 01 27   94      0        0      0    -999   B1.2   0  0  0  0  0  0  0
2004 01 28   89      0        0      0    -999   A8.7   0  0  0  0  0  0  0
2004 01 29   87     25       70      2    -999   A7.5   0  0  0  0  0  0  0
2004 01 30   93     42      120      1    -999   B1.6   4  0  0  0  0  0  0
2004 01 31   94     49      160      2    -999   B1.0   1  0  0  0  0  0  0
2004 02 01   97     57      280      0    -999   B1.3   2  0  0  2  0  0  0
2004 02 02  102    106      440      3    -999   B1.6   2  0  0  0  0  0  0
2004 02 03   99    103      520      0    -999   B1.5   5  0  0  0  0  0  0
2004 02 04  101     85      440      0    -999   B2.3   1  0  0  0  1  0  0
2004 02 05  106    109      440      1    -999   B1.6   2  0  0  3  0  0  0
2004 02 06  107     98      380      0    -999   B1.5   0  0  0  0  0  0  0
2004 02 07  111     92      400      1    -999   B2.1   1  0  0  0  0  0  0
2004 02 08  116     74      620      0    -999   B3.0   7  1  0  3  0  0  0
2004 02 09  118     81      720      1    -999   B3.0   9  0  0  4  0  0  0
2004 02 10  117     78      520      0    -999   B2.0   0  0  0  0  0  0  0
2004 02 11  114     91      430      1    -999   B1.9   0  0  0  0  0  0  0
2004 02 12  112     65      420      0    -999   B1.9   0  0  0  0  0  0  0
2004 02 13  108     71      270      2    -999   B1.7   0  0  0  0  0  0  0
2004 02 14  104     64      210      1    -999   B1.3   0  0  0  0  0  0  0
2004 02 15  102     75      270      2    -999   B1.1   0  0  0  0  0  0  0
2004 02 16   99     81      190      0    -999   A9.0   1  0  0  1  0  0  0
2004 02 17  102     22       80      0    -999   A9.2   0  0  0  0  0  0  0
2004 02 18   98     23       80      0    -999   A9.4   0  0  0  0  0  0  0
2004 02 19   96     33      100      1    -999   B1.0   0  0  0  0  0  0  0
2004 02 20   95     34      100      1    -999   A8.3   0  0  0  0  0  0  0
2004 02 21   98     52       80      1    -999   A8.9   0  0  0  0  0  0  0
2004 02 22  104     58      230      0    -999   B1.6   6  0  0 10  0  0  0
2004 02 23  104     68      360      1    -999   B1.4   0  0  0  0  0  0  0
2004 02 24  106     85      640      1    -999   B1.2   0  0  0  2  0  0  0
2004 02 25  119    107      770      0    -999   B3.0   8  0  0  9  0  0  0
2004 02 26  121    105      790      0    -999   B2.5   5  1  1  3  1  1  0
2004 02 27  122     90     1110      1    -999   B2.0   1  0  0  0  0  0  0
2004 02 28  116    104     1070      1    -999   B2.0   3  0  0  0  0  0  0
2004 02 29  110     81      880      0    -999   B1.6   0  0  0  0  0  0  0
2004 03 01  102     66      330      0    -999   B1.5   0  0  0  0  0  0  0
2004 03 02   99     50      240      0    -999   B1.5   2  0  0  2  0  0  0
2004 03 03   90     42      240      0    -999   B1.3   0  0  0  0  0  0  0
2004 03 04   98     53      180      1    -999   B1.8   2  0  0  0  0  0  0
2004 03 05  107     55      300      1    -999   B3.2   3  0  0  0  0  0  0
2004 03 06  105     61      620      0    -999   B3.1   6  1  0  1  0  0  0
2004 03 07  106     53      680      0    -999   B2.5   0  0  0  0  0  0  0
2004 03 08  108     55      800      0    -999   B1.8   1  0  0  0  0  0  0
2004 03 09  109     40      650      0    -999   B1.9   2  0  0  2  0  0  0
2004 03 10  113     56      770      1    -999   B2.2   0  0  0  1  0  0  0
2004 03 11  113     67      600      0    -999   B2.4   1  0  0  1  0  0  0
2004 03 12  108     71      660      2    -999   B1.9   2  0  0  2  0  0  0
2004 03 13  104     61      570      0    -999   B1.4   1  0  0  0  0  0  0
2004 03 14  103     61      490      0    -999   B1.3   0  0  0  0  0  0  0
2004 03 15  101     49      350      0    -999   B1.3   0  0  0  0  0  0  0
2004 03 16  110     53      320      1    -999   B1.7   0  0  0  0  0  0  0
2004 03 17  110    101      450      3    -999   B2.9   4  0  0  3  0  0  0
2004 03 18  115    107      450      1    -999   B3.9   8  2  0  5  1  1  0
2004 03 19  112     89      350      0    -999   B4.2  11  0  0  6  0  0  0
2004 03 20  114     82      380      0    -999   B2.7   2  0  0  1  0  0  0
2004 03 21  111     65      320      0    -999   B1.6   4  0  0  3  0  0  0
2004 03 22  116     87      260      1    -999   B2.0   2  0  0  1  1  0  0
2004 03 23  118    110      380      0    -999   B2.1   2  0  0  2  0  0  0
2004 03 24  120    109      450      2    -999   B2.7   4  1  0  2  0  0  0
2004 03 25  127    128      650      1    -999   B3.8   5  1  0  3  0  0  0
2004 03 26  124    100      670      0    -999   B2.2   0  0  0  0  0  0  0
2004 03 27  128    129      690      4    -999   B3.4   5  0  0  1  0  0  0
2004 03 28  129    125      800      1    -999   B3.8   4  0  0  1  0  0  0
2004 03 29  129    169      750      0    -999   B3.4   8  0  0  6  0  0  0
2004 03 30  127    121      540      0    -999   B3.1  12  0  0  9  0  0  0
2004 03 31  121     95      560      0    -999   B3.2   6  0  0  5  1  0  0
2004 04 01  113    100      540      1    -999   B2.1   1  0  0  0  0  0  0
2004 04 02  108     99      470      0    -999   B1.7   0  0  0  0  0  0  0
2004 04 03  107     68      440      0    -999   B1.5   0  0  0  0  0  0  0
2004 04 04  109     69      490      0    -999   B1.5   1  0  0  1  0  0  0
2004 04 05  109     85      520      1    -999   B1.7   0  1  0  0  1  0  0
2004 04 06  101     66      280      0    -999   B1.4   1  1  0  3  0  0  0
2004 04 07   98     57      210      1    -999   B1.1   0  0  0  0  0  0  0
2004 04 08   94     33      160      0    -999   B1.3   3  0  0  1  0  0  0
2004 04 09   90     18      120      0    -999   A6.9   1  0  0  1  0  0  0
2004 04 10   88     20      150      0    -999   A7.5   0  0  0  1  0  0  0
2004 04 11   90     16       90      0    -999   A6.5   3  0  0  0  1  0  0
2004 04 12   91     37      140      1    -999   A8.9   3  0  0  1  0  0  0
2004 04 13   93     41      130      1    -999   A8.6   0  0  0  0  0  0  0
2004 04 14   95     69      230      2    -999   B1.0   0  0  0  1  0  0  0
2004 04 15   97     60      180      0    -999   B1.1   0  1  0  2  0  0  0
2004 04 16   97     53      200      1    -999   B1.0   0  0  0  0  0  0  0
2004 04 17   98     55      130      0    -999   B1.0   1  0  0  0  0  0  0
2004 04 18  109     92      310      1    -999   B1.3   0  0  0  0  0  0  0
2004 04 19  113    108      440      0    -999   B1.7   2  0  0  2  0  0  0
2004 04 20  111     96      560      1    -999   B1.4   0  0  0  1  0  0  0
2004 04 21  113     98      490      1    -999   B1.2   2  0  0  6  0  0  0
2004 04 22  117     90      520      0    -999   B2.0   2  1  0 16  2  0  0
2004 04 23  115     63      450      0    -999   B4.4  17  2  0 12  0  0  0
2004 04 24  112     64      370      1    -999   B4.4  11  0  0  4  0  0  0
2004 04 25  107     45      400      0    -999   B2.0   5  1  0  6  1  0  0
2004 04 26  100     47      470      1    -999   B1.2   1  0  0  2  0  0  0
2004 04 27   95     28      310      0    -999   A7.8   1  0  0  0  0  0  0
2004 04 28   90     32      290      0    -999   A6.2   0  0  0  0  0  0  0
2004 04 29   89     25      200      0    -999   A5.6   0  0  0  0  0  0  0
2004 04 30   89     46      130      2    -999   A6.0   1  0  0  0  0  0  0
2004 05 01   94     65      170      1    -999   A9.1   2  0  0  1  0  0  0
2004 05 02   98     41      340      0    -999   B2.4   8  0  0  3  0  0  0
2004 05 03   91     50      270      1    -999   B1.0   1  0  0  0  0  0  0
2004 05 04   87     63      280      1    -999   A6.0   0  0  0  0  0  0  0
2004 05 05   89     47      290      0    -999   A7.5   0  0  0  0  0  0  0
2004 05 06   86     30      100      0    -999   A8.5   0  0  0  0  0  0  0
2004 05 07   85     34      180      1    -999   A6.1   1  0  0  1  0  0  0
2004 05 08   87     37      290      0    -999   A6.6   0  0  0  0  0  0  0
2004 05 09   93     57      280      2    -999   B1.0   0  0  0  0  0  0  0
2004 05 10   93     55      260      1    -999   A7.3   0  0  0  0  0  0  0
2004 05 11   90     46      300      0    -999   A6.0   0  0  0  0  0  0  0
2004 05 12   99     83      300      2    -999   A7.6   1  0  0  1  0  0  0
2004 05 13  101    107      450      2    -999   B1.4   3  0  0  2  0  0  0
2004 05 14  110     98      550      0    -999   B1.6   0  0  0  0  0  0  0
2004 05 15  115    117      820      0    -999   B2.1   1  0  0  0  0  0  0
2004 05 16  118    148      850      3    -999   B1.9   0  0  0  0  0  0  0
2004 05 17  111    147      850      1    -999   B2.3   1  0  0  2  0  0  0
2004 05 18  108     91      710      0    -999   B1.9   3  0  0  2  1  0  0
2004 05 19  109     87      530      0    -999   B1.7   2  0  0  3  0  0  0
2004 05 20  105    109      520      1    -999   B2.1   3  0  0  0  0  0  0
2004 05 21  107     82      470      0    -999   B2.0   3  1  0  2  0  0  0
2004 05 22  102     79      570      0    -999   B2.0   6  0  0  2  0  0  0
2004 05 23  104    127      520      2    -999   B2.3   4  0  0  3  0  0  0
2004 05 24  105    118      600      0    -999   B2.3   2  0  0  2  0  0  0
2004 05 25  102    101      520      0    -999   B1.5   0  0  0  0  0  0  0
2004 05 26  103     89      470      0    -999   B1.8   0  0  0  2  0  0  0
2004 05 27  102     62      400      0    -999   B1.7   2  0  0  1  0  0  0
2004 05 28  102     52      370      0    -999   B2.5   3  0  0  3  0  0  0
2004 05 29  101     57      630      1    -999   B2.1   0  0  0  0  0  0  0
2004 05 30  100     64      580      1    -999   B1.9   1  0  0  0  0  0  0
2004 05 31   95     54      420      0    -999   B1.8   5  0  0  1  0  0  0
2004 06 01   90     76      180      2    -999   B1.4   0  0  0  0  0  0  0
2004 06 02   90     63      160      0    -999   B1.0   0  0  0  0  0  0  0
2004 06 03   90     77      140      1    -999   A9.7   0  0  0  0  0  0  0
2004 06 04   89     55       80      0    -999   A8.5   0  0  0  0  0  0  0
2004 06 05   85     59       80      2    -999   A7.2   0  0  0  0  0  0  0
2004 06 06   88     60       60      0    -999   A7.5   1  0  0  0  0  0  0
2004 06 07   89     82       90      3    -999   A6.9   0  0  0  1  0  0  0
2004 06 08   86     72      130      0    -999   A5.5   0  0  0  1  0  0  0
2004 06 09   85     73       80      1    -999   A4.7   0  0  0  0  0  0  0
2004 06 10   83     50      190      1    -999   A4.8   0  0  0  0  0  0  0
2004 06 11   84     45      130      0    -999   A3.7   0  0  0  0  0  0  0
2004 06 12   88     28       90      0    -999   B1.7   2  0  0  0  0  0  0
2004 06 13   95     55      220      2    -999   B3.2   1  1  0  0  0  0  0
2004 06 14  100     77      560      1    -999   B2.8   2  0  0  0  0  0  0
2004 06 15  109     87      860      0    -999   B2.5   1  0  0  0  1  0  0
2004 06 16  112    113     1020      0    -999   B2.1   1  0  0  0  0  0  0
2004 06 17  111    106      930      0    -999   B1.8   2  0  0  2  0  0  0
2004 06 18  108    118      990      0    -999   B2.0   2  0  0  1  0  0  0
2004 06 19  113     90      890      0    -999   B2.0   7  0  0  5  0  0  0
2004 06 20  119    142     1080      1    -999   B2.4   2  0  0  2  0  0  0
2004 06 21  116    139      930      1    -999   B2.1   1  0  0  3  0  0  0
2004 06 22  117    113      710      0    -999   B2.5   1  0  0  2  0  0  0
2004 06 23  113    104      640      0    -999   B2.4   2  0  0  2  0  0  0
2004 06 24  108     94      760      0    -999   B2.3   2  0  0  2  0  0  0
2004 06 25  103     83      560      0    -999   B2.2   1  0  0  1  0  0  0
2004 06 26   99     64      390      1    -999   B3.1   2  0  0  2  0  0  0
2004 06 27   97     48      290      2    -999   B2.9   5  0  0  1  0  0  0
2004 06 28   89     45      140      0    -999   B1.7   5  0  0  0  0  0  0
2004 06 29   85     50      230      0    -999   A7.3   0  0  0  0  0  0  0
2004 06 30   82     42      120      0    -999   A4.8   1  0  0  2  0  0  0
2004 07 01   81     26      110      0    -999   A3.9   0  0  0  0  0  0  0
2004 07 02   81     33      110      0    -999   A3.4   0  0  0  0  0  0  0
2004 07 03   80     31       90      0    -999   A3.5   0  0  0  0  0  0  0
2004 07 04   79     37       50      1    -999   A3.2   0  0  0  0  0  0  0
2004 07 05   78     26       50      0    -999   A3.3   0  0  0  1  0  0  0
2004 07 06   79     39       30      0    -999   A3.4   0  0  0  0  0  0  0
2004 07 07   79     31       50      1    -999   A3.4   0  0  0  1  0  0  0
2004 07 08   82     17       50      0    -999   A5.9   0  0  0  1  0  0  0
2004 07 09   87     32       90      1    -999   B1.0   0  0  0  0  0  0  0
2004 07 10   93     58      230      2    -999   B1.5   0  0  0  0  0  0  0
2004 07 11  104     98      320      2    -999   B5.7  10  0  0  0  0  0  0
2004 07 12  125    118      440      2    -999   B7.3  11  1  0  1  0  0  0
2004 07 13  127    129      970      0    -999   B7.2  10  5  0  7  3  0  0
2004 07 14  138    149      830      2    -999   B6.1  12  2  0  4  1  0  0
2004 07 15  146    146      630      0    -999   B7.5   4  0  2  1  0  0  0
2004 07 16  147    142     1080      1    -999   B8.4   4  1  3  4  2  0  1
2004 07 17  149    165     1570      1    -999   B6.7  12  3  1  8  3  0  0
2004 07 18  155    169     2300      0    -999   B6.8  13  3  0 11  2  0  0
2004 07 19  170    176     2325      0    -999   B8.2  11  0  0  9  2  0  0
2004 07 20  175    147     2190      0    -999   B8.2   8  1  0  3  1  0  1
2004 07 21  172    162     2420      0    -999   B6.5   3  0  0  1  3  0  0
2004 07 22  173    117     2070      0    -999   B9.1   8  3  0  5  0  1  0
2004 07 23  165     86     2050      0    -999   B6.2   5  2  0  3  0  0  0
2004 07 24  147    109     1730      0    -999   B5.0  12  2  0  4  1  0  0
2004 07 25  145    130     1440      1    -999   B7.2   3  4  0  3  2  1  0
2004 07 26  128    113     1230      0    -999   B6.6   5  3  0  5  1  1  0
2004 07 27  118     66     1130      0    -999   B4.4   7  2  0  2  4  0  0
2004 07 28  101     66      960      0    -999   B4.3   7  1  0  7  1  0  0
2004 07 29  100     32      400      0    -999   B3.7   5  0  0  1  0  0  0
2004 07 30   89     33      230      1    -999   B2.6   1  0  0  0  0  0  0
2004 07 31   86     39      270      0    -999   B2.0   3  0  0  0  0  0  0
2004 08 01   83     40      260      0    -999   A9.1   0  0  0  0  0  0  0
2004 08 02   85     39      270      0    -999   A6.6   1  0  0  0  0  0  0
2004 08 03   88     52      260      0    -999   A8.5   0  0  0  3  0  0  0
2004 08 04   85     62      220      0    -999   A7.0   0  0  0  0  0  0  0
2004 08 05   89     36      170      0    -999   B1.0   0  0  0  0  0  0  0
2004 08 06   91     52      280      2    -999   B1.1   0  0  0  0  0  0  0
2004 08 07   95     71      560      1    -999   B1.2   0  0  0  0  0  0  0
2004 08 08  105     77      490      0    -999   B2.3   2  0  0  3  0  0  0
2004 08 09  114    101      840      0    -999   B3.8  14  0  0 12  1  0  0
2004 08 10  121     93      860      1    -999   B3.3   4  0  0  2  0  0  0
2004 08 11  131    115     1110      1    -999   B4.9  18  0  0 11  0  0  0
2004 08 12  147    140     1510      1    -999   B6.9  11  1  0 11  2  0  0
2004 08 13  149    160     1800      0    -999   B6.8   6  4  1  7  4  0  0
2004 08 14  149    111     1690      0    -999   C2.0   4  7  0 15  2  2  0
2004 08 15  139     98     1730      0    -999   B7.0   8  5  0  6  1  1  0
2004 08 16  134     68     1810      0    -999   B5.6  11  2  0 13  2  0  0
2004 08 17  135     63     1410      0    -999   B8.7  10  4  0  8  0  0  0
2004 08 18  140     53      750      1    -999   B9.2  12  0  1  1  1  0  0
2004 08 19  121     60      660      1    -999   B9.7   5  2  0  1  0  0  0
2004 08 20  121     85      840      1    -999   B3.2   1  0  0  0  0  0  0
2004 08 21  120     88      850      0    -999   B2.3   0  0  0  0  0  0  0
2004 08 22  115    102      770      1    -999   B1.9   0  0  0  0  0  0  0
2004 08 23  110     93      700      0    -999   B1.6   0  0  0  0  0  0  0
2004 08 24  105     55      560      0    -999   B1.7   0  0  0  0  0  0  0
2004 08 25  100     60      550      0    -999   B1.4   1  0  0  0  0  0  0
2004 08 26   98     44      240      0    -999   B1.5   1  0  0  1  0  0  0
2004 08 27   91     33      170      0    -999   B1.0   0  0  0  0  0  0  0
2004 08 28   87     28      170      0    -999   A7.1   0  0  0  0  0  0  0
2004 08 29   86     36      100      1    -999   A5.8   0  0  0  0  0  0  0
2004 08 30   90     30      140      0    -999   B1.3   3  0  0  0  0  0  0
2004 08 31   88     11       50      0    -999   B2.0   0  1  0  0  0  0  0
2004 09 01   90     12      180      1    -999   B1.9   0  0  0  0  0  0  0
2004 09 02   94     25      260      0    -999   B1.9   0  0  0  0  0  0  0
2004 09 03   97     25      270      1    -999   B1.5   0  0  0  0  0  0  0
2004 09 04   99     28      390      0    -999   B1.5   0  0  0  0  0  0  0
2004 09 05  103     59      340      2    -999   B1.7   0  0  0  0  0  0  0
2004 09 06  107     82      390      1    -999   B1.7   0  0  0  0  0  0  0
2004 09 07  119     95      480      0    -999   B3.2   2  0  0  1  0  0  0
2004 09 08  125     85      550      0    -999   B4.0   3  0  0  2  0  0  0
2004 09 09  131     82      950      1    -999   B5.3   2  0  0  4  0  0  0
2004 09 10  130     87     1010      0    -999   B4.3   7  0  0  0  0  0  0
2004 09 11  116     87      700      0    -999   B3.1   1  0  0  0  0  0  0
2004 09 12  115     85      570      0    -999   B2.8   2  2  0  2  0  1  0
2004 09 13  118     65      510      0    -999   B3.0   3  0  0  0  0  0  0
2004 09 14  115     70      370      0    -999   B4.7   3  1  0  0  1  0  0
2004 09 15  110     67      460      1    -999   B3.2   4  0  0  2  0  0  0
2004 09 16  108     80      470      0    -999   B1.9   0  0  0  2  0  0  0
2004 09 17  105     76      470      0    -999   B1.8   0  0  0  0  0  0  0
2004 09 18  103     50      460      0    -999   B1.9   1  0  0  0  0  0  0
2004 09 19  105     42      370      0    -999   B1.4   2  1  0  0  0  0  0
2004 09 20  101     59      400      1    -999   B1.9   2  0  0  0  0  0  0
2004 09 21   95     33      340      0    -999   B1.4   1  0  0  1  0  0  0
2004 09 22   91     24      260      0    -999   B1.4   1  0  0  1  0  0  0
2004 09 23   90     19      240      0    -999   A9.8   1  0  0  0  0  0  0
2004 09 24   89     15      240      0    -999   A8.1   0  0  0  0  0  0  0
2004 09 25   90     24      370      1    -999   A6.1   0  0  0  0  0  0  0
2004 09 26   90     22      270      0    -999   A5.9   0  0  0  0  0  0  0
2004 09 27   90     22      310      0    -999   A6.2   0  0  0  0  0  0  0
2004 09 28   90     22      160      1    -999   A8.1   0  0  0  0  0  0  0
2004 09 29   90     22      150      0    -999   A6.1   0  0  0  0  0  0  0
2004 09 30   88     36      190      1    -999   A5.4   0  0  0  0  0  0  0
2004 10 01   88     37      150      0    -999   A4.0   0  0  0  0  0  0  0
2004 10 02   88     35      140      0    -999   A3.9   0  0  0  0  0  0  0
2004 10 03   89     39      130      1    -999   A4.5   0  0  0  0  0  0  0
2004 10 04   91     41      140      0    -999   A5.7   1  0  0  0  0  0  0
2004 10 05   91     40      120      0    -999   A6.8   1  0  0  0  0  0  0
2004 10 06   92     39      130      1    -999   A6.8   1  0  0  0  0  0  0
2004 10 07   94     38      140      0    -999   A6.4   0  0  0  0  0  0  0
2004 10 08   91     28      100      1    -999   B1.1   0  0  0  0  0  0  0
2004 10 09   88     24      110      0    -999   B1.3   3  0  0  0  0  0  0
2004 10 10   89      0        0      0    -999   B1.7   1  0  0  0  0  0  0
2004 10 11   87      0        0      0    -999   A5.5   0  0  0  0  0  0  0
2004 10 12   88     14       10      1    -999   A5.6   0  0  0  0  0  0  0
2004 10 13   87     41      190      1    -999   A5.5   1  0  0  0  0  0  0
2004 10 14   91     38      265      0    -999   A8.3   1  0  0  1  0  0  0
2004 10 15   89     26      240      0    -999   A7.0   0  0  0  0  0  0  0
2004 10 16   92     43      220      0    -999   A7.1   0  0  0  0  0  0  0
2004 10 17   92     51      210      2    -999   A7.9   0  0  0  0  0  0  0
2004 10 18   96     86      230      2    -999   B1.1   0  0  0  0  0  0  0
2004 10 19   99     86      380      1    -999   B1.2   2  0  0  0  0  0  0
2004 10 20  111    129      460      1    -999   B2.1   1  1  0  2  0  0  0
2004 10 21  112    112      550      1    -999   B2.2   7  0  0  9  1  0  0
2004 10 22  123    134      880      1    -999   B4.0   2  1  0  3  1  0  0
2004 10 23  132    141      720      1    -999   B3.8   5  0  0  4  0  0  0
2004 10 24  135    178      820      1    -999   B4.7   7  1  0  5  1  0  0
2004 10 25  140    146      860      0    -999   B3.9   8  0  0  4  0  0  0
2004 10 26  137    124      800      0    -999   B3.4   6  0  0  1  0  0  0
2004 10 27  130    150      870      1    -999   B3.9   3  0  0  1  0  0  0
2004 10 28  133    150     1040      1    -999   B4.4   8  0  0  5  0  0  0
2004 10 29  129    130     1080      0    -999   B4.0   9  0  0  4  0  0  0
2004 10 30  136    153     1000      1    -999   B4.8  14  4  1  6  1  0  0
2004 10 31  139    163     1310      0    -999   B4.5   5  2  0  3  0  0  0
2004 11 01  136    144     1160      1    -999   B3.3   2  1  0  1  1  0  0
2004 11 02  133    110     1070      0    -999   B5.1   7  0  0  2  0  0  0
2004 11 03  136    123     1240      0    -999   B5.4  11  4  0  6  3  0  0
2004 11 04  136    135     1300      0    -999   B4.5   6  2  0  2  1  0  0
2004 11 05  141     83     1400      0    -999   B4.9  10  2  0  6  1  0  0
2004 11 06  129    106     1370      2    -999   B4.3   6  4  0  2  3  1  0
2004 11 07  130     94      980      0    -999   B4.9  12  0  1  6  0  0  0
2004 11 08  124     93      870      0    -999   B4.9   5  1  0 10  2  0  0
2004 11 09  127     90      980      1    -999   B7.0   6  1  0  4  0  1  0
2004 11 10  105     50      500      0    -999   B5.2   8  0  1  1  0  0  2
2004 11 11   95     70      550      2    -999   B2.1   1  0  0  1  0  0  0
2004 11 12   97     52      230      0    -999   B1.3   0  0  0  0  0  0  0
2004 11 13   96     50      220      0    -999   B1.0   0  0  0  0  0  0  0
2004 11 14  100     69      230      0    -999   B1.4   2  0  0  0  0  0  0
2004 11 15  106     57      320      0    -999   B1.9   3  0  0  0  0  0  0
2004 11 16  108     46      410      0    -999   B2.5   5  0  0  3  0  0  0
2004 11 17  105     59      330      1    -999   B2.0   0  0  0  4  0  0  0
2004 11 18  104     77      210      2    -999   B2.0   3  0  0  0  0  0  0
2004 11 19  102     61      210      0    -999   B2.5   3  0  0  0  0  0  0
2004 11 20   99     40      180      0    -999   B1.1   0  0  0  0  0  0  0
2004 11 21  101     27      120      0    -999   B1.4   0  0  0  0  0  0  0
2004 11 22  106     28      140      0    -999   B2.7   1  0  0  0  0  0  0
2004 11 23  107     45      190      1    -999   B3.0   2  0  0  0  0  0  0
2004 11 24  107     72      320      2    -999   B2.6   3  0  0  2  0  0  0
2004 11 25  109     61      310      0    -999   B2.8   1  0  0  0  0  0  0
2004 11 26  111     61      470      1    -999   B2.5   0  0  0  0  0  0  0
2004 11 27  110     64      420      0    -999   B1.9   2  0  0  2  0  0  0
2004 11 28  113     66      470      0    -999   B2.1   0  0  0  0  0  0  0
2004 11 29  111     40      440      0    -999   B1.6   2  0  0  1  0  0  0
2004 11 30  111     42      420      0    -999   B1.9   2  0  0  2  0  0  0
2004 12 01  111     52      450      0    -999   B2.3   5  1  0  6  0  0  0
2004 12 02  106     62      470      0    -999   B1.9   0  1  0  0  0  1  0
2004 12 03  101     58      450      1    -999   B1.7   0  0  0  0  0  0  0
2004 12 04   97     43      280      0    -999   B1.4   0  0  0  0  0  0  0
2004 12 05   96     46      230      0    -999   B1.4   0  0  0  0  0  0  0
2004 12 06   93     47      230      0    -999   B1.3   0  0  0  0  0  0  0
2004 12 07   90     26      100      0    -999   B1.2   0  0  0  0  0  0  0
2004 12 08   82     40      120      1    -999   A9.2   2  0  0  1  0  0  0
2004 12 09   87     39      100      0    -999   A6.8   1  0  0  1  0  0  0
2004 12 10   85     39       40      1    -999   A5.2   0  0  0  0  0  0  0
2004 12 11   90     16       50      0    -999   A5.8   0  0  0  0  0  0  0
2004 12 12   91     26      100      0    -999   A8.5   0  0  0  0  0  0  0
2004 12 13   90     22      120      0    -999   A9.5   0  0  0  0  0  0  0
2004 12 14   89     18      130      0    -999   A8.7   0  0  0  0  0  0  0
2004 12 15   89     28      170      0    -999   B1.0   0  0  0  0  0  0  0
2004 12 16   90     14       30      0    -999   B1.5   0  0  0  0  0  0  0
2004 12 17   90     40      140      2    -999   B1.1   0  0  0  0  0  0  0
2004 12 18   91     40      140      0    -999   B1.1   0  0  0  0  0  0  0
2004 12 19   94     29      130      0    -999   B1.2   1  0  0  0  0  0  0
2004 12 20   94     30      210      0    -999   B1.3   0  0  0  0  0  0  0
2004 12 21  101     25      210      0    -999   B1.5   0  0  0  0  0  0  0
2004 12 22   99     47      200      1    -999   B1.3   2  0  0  2  0  0  0
2004 12 23   96     47      230      0    -999   B1.1   2  0  0  0  0  0  0
2004 12 24   97     42      210      0    -999   B1.3   1  0  0  2  0  0  0
2004 12 25   93     26      100      0    -999   B1.0   0  0  0  0  0  0  0
2004 12 26   92     16       90      0    -999   A9.2   0  0  0  0  0  0  0
2004 12 27   97     11      100      0    -999   B1.2   0  0  0  2  0  0  0
2004 12 28  105     27      230      1    -999   B2.4  11  0  0  5  1  0  0
2004 12 29   99     27      410      0    -999   B2.8   5  2  0  2  0  0  0
2004 12 30  100     34      360      1    -999   B1.8   6  2  0  6  1  1  0
2004 12 31   99     60      250      1    -999   B1.5   4  1  0  4  0  0  0
