:Product: Daily Solar Data         2000_DSD.txt
#
#  Prepared by the U.S. Dept. of Commerce, NOAA, Space Environment Center.
#  Please send comments and suggestions to sec@sec.noaa.gov
#
#                         2000 Daily Solar Data
#
#                         Sunspot       Stanford GOES8
#           Radio  SESC     Area          Solar  X-Ray  ------ Flares -----
#           Flux  Sunspot  10E-6   New     Mean  Bkgd    X-Ray      Optical
#  Date     10.7cm Number  Hemis. Regions Field  Flux   C  M  X  S  1  2  3
2000 01 01  130     69      540      0      89   B5.7   3  0  0  1  0  0  0
2000 01 02  133     69      460      0      79   B3.7   1  0  0  2  0  0  0
2000 01 03  133     77      480      0      30   B3.6   2  0  0  2  0  0  0
2000 01 04  135    102      460      2    -999   B2.8   2  0  0  2  0  0  0
2000 01 05  137    100      410      1     -14   B3.2   3  0  0  0  0  0  0
2000 01 06  145    145      530      3     -42   B5.4   2  0  0  1  1  0  0
2000 01 07  150    146      500      1    -103   B4.1   8  0  0  9  0  0  0
2000 01 08  155    106      460      1     -65   B6.6   4  0  0  7  0  0  0
2000 01 09  161    119      490      1       5   B6.3   4  0  0  5  0  0  0
2000 01 10  163     88      470      1     -56   B6.8   8  1  0  5  0  1  0
2000 01 11  178    148      670      4    -999   B7.4   8  1  0 11  0  0  0
2000 01 12  196    204      930      2    -999   C1.7   9  3  0 16  1  0  0
2000 01 13  202    218     1120      2     -25   B9.9   7  0  0  4  1  0  0
2000 01 14  201    228     1110      0    -999   C1.0   5  0  0  2  0  0  0
2000 01 15  211    268     1240      2    -999   B9.3   4  0  0  7  0  0  0
2000 01 16  208    262     1150      1       9   C1.0   2  0  0  7  0  0  0
2000 01 17  196    227     1030      0    -999   C1.1   6  0  0  6  0  0  0
2000 01 18  195    185      840      2      56   C1.0   4  2  0 10  1  0  0
2000 01 19  179    196      770      0    -999   B8.8   5  0  0  3  0  0  0
2000 01 20  171    119      770      1    -999   B6.5   4  0  0  5  0  0  0
2000 01 21  159    144     1140      2    -999   C1.3   5  1  0  2  0  0  0
2000 01 22  151    126      830      0      33   B5.8   2  1  0  1  0  0  0
2000 01 23  141    135      640      2    -999   B4.7   0  0  0  0  0  0  0
2000 01 24  141    133      440      1    -999   B4.1   3  0  0  3  0  0  0
2000 01 25  137    141      490      1    -999   B4.0   4  0  0  8  0  0  0
2000 01 26  141    151      550      3      41   B4.0   4  0  0  3  0  0  0
2000 01 27  132    110      420      0      66   B3.5   0  0  0  3  0  0  0
2000 01 28  126     96      580      1      30   B3.2   2  0  0  5  0  0  0
2000 01 29  128     81      490      0      34   B4.3   0  0  0  1  0  0  0
2000 01 30  133     90      260      2    -999   B2.7   1  0  0  1  0  0  0
2000 01 31  139     82      260      1    -999   B3.6   6  0  0  4  0  0  0
2000 02 01  138    107      350      2     -25   B5.2   0  0  0  1  0  0  0
2000 02 02  144    127      420      2     -59   B4.7   2  0  0  0  0  0  0
2000 02 03  154    149      640      3    -999   B6.4   7  0  0  2  0  0  0
2000 02 04  167    136      630      1     -98   B5.5  17  1  0 10  1  0  0
2000 02 05  168    153      750      1    -999   B7.2  10  0  1 14  0  0  1
2000 02 06  178    173      580      1     -13   B7.1  10  0  0 15  0  0  0
2000 02 07  182    169      710      0    -999   B7.5   5  0  0 15  1  0  0
2000 02 08  174    198      770      4      -8   B7.5   6  1  0 11  1  0  0
2000 02 09  199    189      740      2    -999   B7.1   7  0  0 11  0  1  0
2000 02 10  176    172      730      2    -999   C1.3   5  0  0  2  1  0  0
2000 02 11  170    184      790      2    -999   B7.3   2  0  0  6  0  0  0
2000 02 12  163    157      540      0    -999   C1.3   1  1  0  0  1  0  0
2000 02 13  160    147      520      1    -999   B5.3   2  0  0  4  0  0  0
2000 02 14  159    158      470      1      82   B8.1   0  0  0  2  0  0  0
2000 02 15  156    158      440      2       9   B3.7   1  0  0 12  0  0  0
2000 02 16  160    182      690      2    -999   B4.6   7  0  0  9  0  0  0
2000 02 17  168    152      670      1     -20   B5.9   6  2  0  3  1  1  0
2000 02 18  141    146      700      0     -25   B8.1   5  0  0  5  0  0  0
2000 02 19  145    126      590      0    -999   B4.2   6  1  0  8  2  0  0
2000 02 20  153    131      840      1    -999   B9.0  11  1  0  6  1  0  0
2000 02 21  152    122     1020      2    -999   B8.0   6  2  0  2  1  1  0
2000 02 22  164    129     1050      2    -999   B8.4  12  3  0  3  0  0  0
2000 02 23  185    155      920      2      71   C2.6   5  0  0  8  0  0  0
2000 02 24  192    181     1290      4    -999   C2.1   8  1  0  2  0  0  0
2000 02 25  210    202     1940      1    -999   C1.1   6  0  0  9  0  0  0
2000 02 26  215    193     2210      2    -999   B8.7   3  1  0  8  0  1  0
2000 02 27  227    201     2510      0    -999   C4.9   9  0  0 18  1  0  0
2000 02 28  219    186     2740      1    -999   B8.4   3  0  0  2  0  0  0
2000 02 29  219    211     2960      2    -999   B7.1   9  0  0  7  2  0  0
2000 03 01  233    247     2570      1     -18   B9.2   9  0  0  3  0  0  0
2000 03 02  213    209     2520      1    -999   B9.9  11  2  1 18  1  1  0
2000 03 03  204    189     2040      1     -44   C1.2   9  2  0 12  3  0  0
2000 03 04  200    167     1640      1      17   B8.1   6  0  0  6  0  0  0
2000 03 05  220    181     1750      1    -999   C1.1  14  0  0 16  0  0  0
2000 03 06  222    172     1530      1    -999   C1.2   6  0  0  5  0  0  0
2000 03 07  222    164     1630      1    -999   C1.2  16  2  0  8  1  0  0
2000 03 08  215    212     1930      4    -999   C1.6  11  1  0  3  0  0  0
2000 03 09  206    225     1590      1    -999   B9.7  10  0  0  2  1  0  0
2000 03 10  203    231     1630      0      26   B8.2  26  0  0 24  1  0  0
2000 03 11  203    178     1520      1    -999   B8.1  10  1  0  9  1  0  0
2000 03 12  203    188     1600      1      15   C1.6  13  1  0 15  2  0  0
2000 03 13  188    172     1510      0      24   B8.9  15  1  0 11  1  0  0
2000 03 14  183    193     1590      3      17   B8.7   9  0  0 17  0  0  0
2000 03 15  179    167     1090      0      15   B7.7  16  1  0  6  1  0  0
2000 03 16  184    138     1090      2      52   B7.2  10  0  0 10  2  0  0
2000 03 17  192    152     1190      1      55   C1.4  12  1  0 12  0  0  0
2000 03 18  195    142     1430      1      37   C3.4   4  3  0  5  3  1  0
2000 03 19  208    208     1720      2      57   C6.1   5  1  0 23  1  0  0
2000 03 20  210    240     1830      2    -999   C2.9   9  2  0 18  0  2  0
2000 03 21  231    191     1820      1      54   C1.3   4  1  0 18  0  0  0
2000 03 22  234    212     2590      1      67   C1.8   6  1  1 18  1  1  0
2000 03 23  224    236     2060      4      63   C1.6   9  2  0 31  0  0  0
2000 03 24  219    230     1720      1      34   C1.7   5  2  1  9  0  1  0
2000 03 25  205    243      990      2    -999   C1.5   9  0  0 11  1  0  0
2000 03 26  211    255     1390      2     -18   C1.4   4  1  0  9  0  0  0
2000 03 27  205    227     1200      2    -999   C1.0   9  1  0 12  2  0  0
2000 03 28  201    232     1250      0     -33   C1.1  12  1  0  8  1  0  0
2000 03 29  209    238      910      3     -74   C1.5   5  0  0  7  0  0  0
2000 03 30  206    225      910      4     -75   C1.2  11  4  0 29  1  1  0
2000 03 31  225    248      950      2     -68   C1.2   9  6  0 19  2  0  0
2000 04 01  223    287     1430      2     -47   C1.3   8  0  0 20  1  0  0
2000 04 02  219    301     1700      0     -38   C1.2   3  0  0 20  0  0  0
2000 04 03  215    252     1100      2     -22   C1.0   4  0  0  7  0  0  0
2000 04 04  207    184     1180      1       8   C1.1   4  1  0  6  0  1  0
2000 04 05  194    221     1040      2       9   C1.5   1  0  0 16  0  0  0
2000 04 06  178    155      620      0      17   B9.6   2  1  0  4  1  1  0
2000 04 07  175    172      730      2       6   B8.7   4  0  0  5  0  0  0
2000 04 08  182    167      760      0    -999   B7.6   9  2  0 15  2  0  0
2000 04 09  176    160      630      1      30   C1.0   6  2  0  6  1  1  0
2000 04 10  178    175      590      4      25   C1.8   7  0  0  3  2  0  0
2000 04 11  182    148      630      1      14   B7.6   8  2  0 11  2  0  0
2000 04 12  173    172      820      1    -999   C1.1   5  1  0 10  0  0  0
2000 04 13  164    190     1030      4    -999   B5.6   3  0  0  3  0  0  0
2000 04 14  165    173      860      0      11   B5.4   4  0  0  4  1  0  0
2000 04 15  164    177      770      0    -999   B5.3   8  2  0  9  2  0  0
2000 04 16  159    170      750      1    -999   B4.8   8  0  0  7  2  0  0
2000 04 17  158    166      680      1      44   B5.1   4  0  0  0  2  0  0
2000 04 18  160    167      710      2      73   B4.7   6  0  0  5  0  0  0
2000 04 19  168    179      710      1      73   B7.2   7  0  0 10  1  0  0
2000 04 20  181    179     1110      2      56   C1.0   7  0  0 10  0  0  0
2000 04 21  187    211     1730      2      21   B8.7  13  0  0  9  1  0  0
2000 04 22  202    226     2360      1     -37   B8.9  10  0  0 18  1  0  0
2000 04 23  206    252     2860      2     -36   B7.4   4  0  0 12  0  0  0
2000 04 24  206    222     2680      0     -22   B7.6  10  0  0 25  1  0  0
2000 04 25  203    229     2520      0     -20   B6.2   6  0  0 12  1  0  0
2000 04 26  190    197     2530      0     -14   B5.5  11  0  0 15  0  0  0
2000 04 27  184    163     2020      0      -3   B5.1   8  0  0 16  0  0  0
2000 04 28  183    238     2220      5     -14   B5.7   2  0  0  2  1  0  0
2000 04 29  175    142     1630      0     -11   B5.8   5  0  0  5  0  0  0
2000 04 30  170    126     1570      0       8   B6.0   4  0  0  9  1  0  0
2000 05 01  158    121     1530      1       1   B4.4   3  1  0  1  0  0  0
2000 05 02  153    108     1260      0    -999   B5.0   3  1  0  1  2  0  0
2000 05 03  137    113      710      1     -10   B4.5   2  1  0  0  0  0  0
2000 05 04  135    105      230      1      -7   B5.0   2  2  0  3  1  0  0
2000 05 05  130    122      150      3    -999   B4.7   2  1  0  4  0  0  0
2000 05 06  127    111      140      0       9   B5.1   0  0  0  0  0  0  0
2000 05 07  131    130      130      4    -999   B2.3   0  0  0 12  1  0  0
2000 05 08  137    131      200      1      18   B2.9   5  0  0 10  0  0  0
2000 05 09  150    149      390      1      19   B3.9   8  0  0 16  0  0  0
2000 05 10  179    174      620      2      33   B7.4   4  0  0  8  0  1  0
2000 05 11  178    213      980      3      27   C1.0   7  0  0  7  0  0  0
2000 05 12  190    211     1500      1      21   C1.2   8  1  0  4  1  0  0
2000 05 13  217    260     2570      3    -999   C2.6   9  1  0 49  2  0  0
2000 05 14  233    263     2710      2      72   C4.1  10  1  0 26  0  0  0
2000 05 15  244    302     3510      1      67   C1.8  10  6  0 33  2  0  0
2000 05 16  259    298     3450      1    -999   C1.3  11  1  0 15  0  0  0
2000 05 17  262    342     3190      3      78   C2.7  14  0  0 29  0  0  0
2000 05 18  253    297     3020      2      56   C2.0  12  1  0 27  2  0  0
2000 05 19  254    239     2760      2      25   C2.9   8  1  0 23  0  1  0
2000 05 20  246    282     2920      2      25   C2.2   9  0  0 24  3  0  0
2000 05 21  232    271     2950      0      19   C1.9   6  0  0 18  0  0  0
2000 05 22  215    207     2150      0     -10   C1.6  11  0  0 12  0  0  0
2000 05 23  204    150     1540      0    -999   B9.6  13  0  0 19  3  0  0
2000 05 24  189    185     1910      3    -999   C2.4   9  2  0 15  0  0  0
2000 05 25  173    125     1450      0    -999   C1.9   6  0  0  9  0  0  0
2000 05 26  168    155     1310      2    -999   B7.9   8  0  0 13  1  0  0
2000 05 27  162    161     1040      1    -999   B6.2   2  0  0  8  0  0  0
2000 05 28  156    176     1150      2    -999   B8.7   5  0  0  9  0  0  0
2000 05 29  149    189     1110      2     -21   B5.7   1  0  0  6  0  0  0
2000 05 30  146    153      920      0     -19   B8.0   3  0  0  1  0  0  0
2000 05 31  154    110      820      1      -4   B7.3   4  0  0  0  0  0  0
2000 06 01  148    128      950      3      17   B6.4   9  1  0 15  1  1  0
2000 06 02  155    126     1360      0      33   B5.0   2  3  0  7  2  1  0
2000 06 03  166    125     1530      2      28   C5.6   9  2  0 14  2  1  0
2000 06 04  170    139     1480      1      46   B5.9  10  1  0 13  0  0  0
2000 06 05  171    132     1430      2      20   C1.3   8  1  0 13  3  0  0
2000 06 06  186    133     1670      1      19   C1.0   7  2  2  8  1  1  1
2000 06 07  180    145     1380      0      14   C1.6   5  1  1 11  1  0  1
2000 06 08  175    203     1420      2    -999   C1.3  11  0  0 15  0  0  0
2000 06 09  169    183     1320      0       6   B7.7   1  0  0  7  0  0  0
2000 06 10  180    165     1160      1       5   B7.1   4  1  0 11  0  0  1
2000 06 11  187    224     1440      4      32   C1.0   7  1  0 15  2  0  0
2000 06 12  193    236     1780      1    -999   C1.1   8  0  0 18  2  0  0
2000 06 13  199    243     1750      2      29   B8.8   8  0  0 17  0  0  0
2000 06 14  201    278     1930      2    -999   B9.4   5  0  0 22  2  0  0
2000 06 15  202    261     1910      1       1   C1.0   9  2  0 26  3  1  0
2000 06 16  198    252     2090      2    -999   C1.2   7  0  0 19  0  0  0
2000 06 17  193    211     1710      2    -999   C1.1   6  1  0  9  0  1  0
2000 06 18  188    250     1450      1    -999   C1.3   1  0  1  4  0  0  0
2000 06 19  178    194     1320      1     -37   B7.4   6  0  0  6  0  0  0
2000 06 20  184    219     1440      1     -48   B6.7   6  0  0 10  1  0  0
2000 06 21  188    226     1230      2     -37   B7.9   7  1  0 17  2  0  0
2000 06 22  180    187     1260      1     -30   C1.2  10  0  0 23  0  0  0
2000 06 23  175    182     1310      2     -81   B9.9   4  2  0 23  1  1  0
2000 06 24  168    190     1220      2    -132   B8.1   2  0  0  5  0  0  0
2000 06 25  175    177     1120      1     -42   C1.2   6  2  0 22  1  1  0
2000 06 26  177    180     1440      1    -999   C1.1  12  0  0 18  0  0  0
2000 06 27  179    206     1620      1     -26   B7.9   8  0  0  4  0  1  0
2000 06 28  175    166     1720      0    -999   B7.3   3  0  0  1  0  0  0
2000 06 29  163    189     1780      3    -999   B6.2   7  0  0  2  0  0  0
2000 06 30  160    159     1640      0      18   B7.2   5  0  0  3  0  0  0
2000 07 01  164    175     1380      2      87   B7.4   8  1  0 13  0  0  0
2000 07 02  162    185     1300      1    -999   B6.7   4  0  0 12  0  0  0
2000 07 03  156    166     1180      0    -999   B5.7   0  0  0  5  0  0  0
2000 07 04  158    165     1040      0    -999   B5.7   5  0  0  7  1  0  0
2000 07 05  169    200     1010      4    -999   B5.9   5  0  0  4  0  0  0
2000 07 06  174    210     1170      2    -999   B6.2   5  0  0 14  1  0  0
2000 07 07  187    226     1150      2      31   C1.0   5  2  0 19  1  0  0
2000 07 08  210    260     1740      0    -999   C1.0  13  0  0 33  2  0  0
2000 07 09  211    262     2240      2      53   C3.3   8  1  0 13  2  0  0
2000 07 10  215    232     2420      0      24   C1.7   3  5  0 33  2  1  0
2000 07 11  225    281     2720      3       5   C5.5   6  2  1 39  1  1  0
2000 07 12  230    241     2950      2     -24   C2.4   2  4  1 25  1  2  0
2000 07 13  232    240     2550      1     -10   C3.6   9  5  0 49  4  0  0
2000 07 14  204    243     1560      2     -32   C2.9   4  2  1 15  2  1  1
2000 07 15  213    229     1120      1     -34   C2.6   8  1  0 28  1  0  0
2000 07 16  219    268     1310      2    -999   C1.7   9  4  0 23  5  1  0
2000 07 17  228    335     1900      4     -30   C2.3  14  2  0 36  5  0  0
2000 07 18  249    343     2150      2     -28   C1.5   6  3  0 34  1  3  0
2000 07 19  250    342     2390      2     -36   C2.1   5  1  0 29  1  0  1
2000 07 20  253    401     2850      0     -45   C2.6  12  2  0 31  2  0  0
2000 07 21  251    325     2690      1     -31   C2.1   9  5  0 31  5  1  0
2000 07 22  251    290     2140      1     -26   C2.3   4  2  0 34  1  1  0
2000 07 23  217    276     2030      0     -27   C1.8   5  2  0 31  3  1  0
2000 07 24  225    215     1820      0     -24   C1.5   7  0  0 31  1  0  0
2000 07 25  202    232     1710      1      -7   C1.4   7  3  0  9  1  2  0
2000 07 26  175    214     1390      2       5   C1.5  12  1  0 17  0  0  0
2000 07 27  162    174      970      2      14   C1.3  10  3  0 18  0  0  0
2000 07 28  158    163      840      0      61   B9.2   8  0  0  4  0  0  0
2000 07 29  153    183      890      3      58   B6.6   6  0  0  5  0  0  0
2000 07 30  150    138      680      0      64   B5.5   3  0  0  5  0  0  0
2000 07 31  148    123      630      1      60   B4.6   3  0  0  0  0  0  0
2000 08 01  149    139      650      1      56   B5.2   1  0  0  2  0  0  0
2000 08 02  151    153      600      3      38   B4.4  10  0  0  2  0  0  0
2000 08 03  154    133      540      1       5   B7.0   2  0  0  5  0  0  0
2000 08 04  154    137      610      1    -999   B6.0   1  0  0  9  1  0  0
2000 08 05  159    161      850      3      13   B4.4   3  0  0  4  0  0  0
2000 08 06  166    174      790      2    -999   B7.4   4  0  0  8  0  0  0
2000 08 07  167    189      710      1    -999   B6.0   4  0  0  2  0  0  0
2000 08 08  170    188     1000      1    -999   B7.7   3  1  0  0  0  0  0
2000 08 09  182    176      910      0    -999   B7.9   4  0  0  8  0  0  0
2000 08 10  181    141      770      2    -999   B8.7   2  0  0  5  1  0  0
2000 08 11  187    170      840      2     -40   B8.2   6  0  0 14  0  0  0
2000 08 12  189    186      870      2     147   C1.4  10  1  0 23  0  0  0
2000 08 13  186    196      870      2     -12   B9.7   6  0  0 18  0  0  0
2000 08 14  190    266      970      3       3   B9.3   5  0  0 13  2  0  0
2000 08 15  194    209      940      1     -12   B9.0   6  0  0 20  0  0  0
2000 08 16  186    244      820      0      -1   C1.4   4  0  0  3  0  0  0
2000 08 17  177    252      800      1       7   B6.7   6  0  0  9  1  0  0
2000 08 18  170    231      940      0     -15   B5.1   3  0  0  6  1  0  0
2000 08 19  157    209      720      2     -41   B5.5   3  0  0 13  1  0  0
2000 08 20  152    150      610      1     -41   B5.0   3  0  0 18  1  0  0
2000 08 21  151    132      570      0     -29   B6.8  10  0  0  9  1  0  0
2000 08 22  144     84      480      1       3   B5.5   8  0  0  5  0  0  0
2000 08 23  137     84      450      1      21   B4.5   2  0  0  5  0  0  0
2000 08 24  131     92      560      2      47   B4.5   3  0  0  3  0  0  0
2000 08 25  133    101      630      1      46   B3.8   1  1  0  9  1  0  0
2000 08 26  137    104      550      0      50   B4.3   5  0  0  5  1  0  0
2000 08 27  150    124      790      2      44   B5.8   8  0  0 13  0  0  0
2000 08 28  160    165     1040      3      44   B8.8   4  0  0 13  1  0  0
2000 08 29  163    175     1130      0    -999   B7.1   3  0  0  8  0  0  0
2000 08 30  165    187      990      1    -999   C1.7   4  0  0  2  0  0  0
2000 08 31  163    214      970      4    -999   B5.2   1  0  0  5  0  0  0
2000 09 01  158    195      910      0    -999   B4.5   3  0  0  2  1  0  0
2000 09 02  154    177      760      0    -999   B6.3   1  0  0  0  0  0  0
2000 09 03  154    181      570      1    -999   B4.6   3  0  0  2  1  0  0
2000 09 04  171    169      540      0    -999   B7.5  15  1  0 18  1  0  0
2000 09 05  180    144      770      0       0   C1.1  11  0  0  6  0  0  0
2000 09 06  179    150      990      2      -9   B8.2   7  0  0  9  0  0  0
2000 09 07  173    160     1030      2      -8   B5.5   5  0  0  6  0  0  0
2000 09 08  163    115     1110      0      12   B6.8   2  0  0  3  0  0  0
2000 09 09  151    116      890      1      17   B5.1   3  1  0  2  1  0  0
2000 09 10  141     69      250      0      13   B8.6   1  0  0  0  0  0  0
2000 09 11  135     27      130      1      46   B4.1   4  0  0  5  0  0  0
2000 09 12  133     38       30      2       5   B5.1   2  1  0  1  0  1  0
2000 09 13  133     96       80      2     -20   B3.8   2  0  0  0  0  0  0
2000 09 14  151    109      370      1    -999   B5.5  10  1  0  8  0  0  0
2000 09 15  159    113      840      0     -65   B6.7  14  2  0 15  1  0  0
2000 09 16  175    148      800      1    -999   B7.4  12  2  0 20  1  2  0
2000 09 17  182    146      850      1     -14   C1.3  13  0  0 15  1  0  0
2000 09 18  204    154     2040      1       6   C1.3   9  0  0 15  3  0  0
2000 09 19  207    140     3310      0    -999   C1.6   6  1  0 16  2  0  0
2000 09 20  211    171     2800      0      74   C1.0   6  0  0  9  0  0  0
2000 09 21  225    198     2900      1      39   C1.1   6  0  0  5  0  0  0
2000 09 22  232    248     2770      1    -999   C1.1  11  0  0 18  1  0  0
2000 09 23  225    216     2680      0      15   C2.3  13  0  0 15  1  0  0
2000 09 24  225    255     2610      2      -8   C1.3   9  1  0 16  0  1  0
2000 09 25  226    215     2240      0     -12   C1.4   3  2  0  5  1  0  0
2000 09 26  224    223     2060      2      18   C1.0   6  0  0  7  0  0  0
2000 09 27  205    233     1850      2    -999   C1.7  13  0  0 19  1  0  0
2000 09 28  202    211     1400      1    -999   C1.4   5  0  0  5  1  0  0
2000 09 29  192    164     1530      0      71   C1.1   8  0  0  7  2  0  0
2000 09 30  194    155     1010      1    -999   C1.2   8  2  1 18  0  0  0
2000 10 01  202    157      880      1      18   C1.5   6  2  0 17  2  0  0
2000 10 02  203    190     1260      2      -2   C1.3   9  2  0 10  4  0  0
2000 10 03  192    196     1210      2      15   B7.7   8  0  0  4  0  0  0
2000 10 04  184    216     1240      2      30   B7.0   4  0  0  5  0  0  0
2000 10 05  174    145      960      0      42   B6.1   3  0  0  2  1  0  0
2000 10 06  158    127      820      0    -999   B5.3   1  0  0  2  0  0  0
2000 10 07  156     94      530      0    -999   B5.3   4  0  0  1  1  0  0
2000 10 08  149    128      690      4      35   B7.4   2  0  0  6  0  0  0
2000 10 09  141    106      530      0    -999   B5.0  11  0  0  4  2  0  0
2000 10 10  140     95      350      1    -999   C1.7   3  0  0  4  0  0  0
2000 10 11  151    131      540      2    -999   B5.3   3  0  0  5  0  0  0
2000 10 12  163    187      670      4    -999   B4.7   2  1  0  3  1  0  0
2000 10 13  168    167      760      0    -999   C1.3   3  0  0  8  0  1  0
2000 10 14  163    157      630      1     -35   C1.1  12  1  0 18  0  0  0
2000 10 15  161     99      480      1    -999   C1.2   7  0  0  7  0  0  0
2000 10 16  161    109      480      1    -999   C1.5   4  1  0  4  0  0  0
2000 10 17  154    130      540      1    -999   B8.8   5  0  0  6  0  0  0
2000 10 18  151    128      480      1    -999   B8.2   4  0  0  3  0  0  0
2000 10 19  158    128      380      0    -999   B6.8   2  0  0  2  1  0  0
2000 10 20  161    144      630      2    -999   B5.5   4  0  0  4  0  0  0
2000 10 21  158    166      530      1    -999   B5.3   5  1  0  6  1  0  0
2000 10 22  160    117      480      0    -999   B5.1   4  0  0  4  0  0  0
2000 10 23  167    143      410      3    -999   B6.6   2  0  0  1  0  0  0
2000 10 24  159     99      470      0    -999   B6.1   2  0  0  0  0  0  0
2000 10 25  164    112      600      1    -999   B6.0   6  0  0  4  0  0  0
2000 10 26  171    113      530      1    -999   B9.4   6  0  0  5  1  0  0
2000 10 27  176    113      480      1    -999   C1.0   7  1  0  0  0  0  0
2000 10 28  182    153      810      3    -999   C1.1  10  1  0  5  0  0  0
2000 10 29  187    163     1090      2    -999   C1.5   3  1  0  6  1  1  0
2000 10 30  194    158      870      0    -999   B9.4   2  0  0  1  1  0  0
2000 10 31  193    135      680      0    -999   C1.0   4  0  0  4  1  0  0
2000 11 01  204    206      940      4    -999   B8.0   5  0  0  6  0  0  0
2000 11 02  196    213     1070      0    -999   B8.4   2  0  0  4  0  0  0
2000 11 03  199    196     1090      0    -999   B8.0   5  0  0  9  0  0  0
2000 11 04  195    159     1110      1    -999   C2.0   5  0  0  2  0  0  0
2000 11 05  186    173      980      2    -999   C1.2   4  0  0  2  1  0  0
2000 11 06  178    158      860      0    -999   B8.0   1  0  0  2  0  0  0
2000 11 07  180    120      740      2    -999   B8.9   7  1  0  5  1  0  0
2000 11 08  173    171      910      2    -999   C1.1   8  3  0  6  1  0  1
2000 11 09  166    149      730      1    -999   M1.1   1  3  0  3  1  0  0
2000 11 10  153    141      720      2    -999   C1.3   5  0  0  0  0  0  0
2000 11 11  150    128      550      0    -999   B6.1   2  0  0  1  0  0  0
2000 11 12  147    112      490      0    -999   B4.9   2  0  0  0  1  0  0
2000 11 13  144     99      690      2    -999   B4.8   3  0  0  1  0  0  0
2000 11 14  149    131      880      1    -999   B4.7   8  1  0 12  0  1  0
2000 11 15  147    144      900      1    -999   B5.1   4  0  0  2  1  0  0
2000 11 16  154    142      930      1    -999   B9.9   3  0  0  4  0  0  0
2000 11 17  163    140      760      0    -999   B6.3   7  0  0  7  2  0  0
2000 11 18  177    171      680      2    -999   B8.3  14  2  0 13  2  0  0
2000 11 19  175    174      890      0    -999   C1.4   7  0  0  3  1  0  0
2000 11 20  174    168     1160      1    -999   C1.8   5  0  0  7  0  0  0
2000 11 21  185    160     1160      1    -999   B8.7  10  1  0  5  0  0  0
2000 11 22  195    136     1150      1    -999   C1.0  15  0  0 13  2  0  0
2000 11 23  205    141     1280      1    -999   C1.4  11  1  0 15  3  0  0
2000 11 24  197    134     1180      1    -999   C1.9   6  0  3 13  0  2  1
2000 11 25  202    110     1150      0    -999   C2.1   4  2  1  5  0  3  0
2000 11 26  202     95     1120      0    -999   B8.7   4  1  1  7  1  1  0
2000 11 27  192    121     1120      2    -999   B8.9   7  0  0  7  1  0  0
2000 11 28  196    154     1280      2    -999   B8.9   2  0  0 11  0  0  0
2000 11 29  188    160     1300      1    -999   B8.7  12  0  0 11  0  0  0
2000 11 30  192    191     1130      2    -999   B7.3   5  2  0 11  0  0  0
2000 12 01  185    157      700      0    -999   B7.9   6  0  0  4  0  0  0
2000 12 02  167    141      560      0    -999   B6.5   2  0  0  1  0  0  0
2000 12 03  164    186      630      6    -999   B5.0   3  0  0  1  0  0  0
2000 12 04  152    120      490      1    -999   B4.6   0  0  0  1  0  0  0
2000 12 05  147     90      320      0    -999   B4.8   4  0  0  1  0  0  0
2000 12 06  141     99      360      1    -999   B6.9   5  1  0  3  0  0  0
2000 12 07  144    125      460      4    -999   C1.0   8  0  0  2  1  0  0
2000 12 08  138     81      190      1    -999   B8.1   8  0  0  0  0  0  0
2000 12 09  135     73      250      1    -999   B7.7   4  0  0  2  0  0  0
2000 12 10  147     58      170      2    -999   B5.8   2  0  0  1  0  0  0
2000 12 11  144    101      310      2    -999   B4.7   5  0  0  1  0  0  0
2000 12 12  150     95      320      0    -999   B6.4   4  1  0  1  1  0  0
2000 12 13  165    173      520      3    -999   B5.2   7  0  0  3  1  0  0
2000 12 14  182    157      520      2    -999   B6.2   9  0  0  7  0  0  0
2000 12 15  188    181      990      1    -999   B5.6   5  0  0  9  0  0  0
2000 12 16  191    217      830      3    -999   B7.2   5  0  0  6  0  0  0
2000 12 17  197    229     1100      3    -999   C1.2  12  0  0 22  0  0  0
2000 12 18  198    174      690      1    -999   C1.4  16  0  0 16  1  0  0
2000 12 19  199    163      900      1    -999   C1.3   9  0  0 13  0  0  0
2000 12 20  201    183     1100      1    -999   C1.1  11  0  0  6  1  0  0
2000 12 21  195    161      850      1    -999   C1.3   8  0  0 10  0  0  0
2000 12 22  190    164     1020      1    -999   B8.8  10  0  0  8  0  0  0
2000 12 23  191    130      990      1    -999   C1.6  14  0  0 21  1  0  0
2000 12 24  193    155     1080      2    -999   C1.1   9  1  0 11  0  0  0
2000 12 25  187    164      860      1    -999   B8.4   9  0  0  8  0  0  0
2000 12 26  189    189      940      2    -999   B7.4  12  1  0  1  0  0  0
2000 12 27  188    171     1050      1    -999   B8.1  19  1  0 18  2  0  0
2000 12 28  185    159     1490      0    -999   C1.7  10  0  0  8  2  0  0
2000 12 29  182    150     1300      1    -999   B8.1   5  2  0  7  3  0  0
2000 12 30  182    140     1370      1    -999   B5.9   6  0  0  4  0  0  0
2000 12 31  170    153     1250      0    -999   B6.8   3  0  0  1  0  0  0
