:Product: Daily Solar Data         2005_DSD.txt
#
#  Prepared by the U.S. Dept. of Commerce, NOAA, Space Environment Center.
#  Please send comments and suggestions to SEC.Webmaster@noaa.gov
#
#                           2005 Daily Solar Data
#
#                         Sunspot       Stanford GOES12
#           Radio  SESC     Area          Solar  X-Ray  ------ Flares ------
#           Flux  Sunspot  10E-6   New     Mean  Bkgd    X-Ray      Optical
#  Date     10.7cm Number  Hemis. Regions Field  Flux   C  M  X  S  1  2  3
#--------------------------------------------------------------------------- 
2005 01 01   99     51      230      0    -999   B1.3   1  0  1  1  0  0  0
2005 01 02  100     52      250      0    -999   B1.9   2  0  0  0  0  0  0
2005 01 03   94     43      160      0    -999   B1.4   3  0  0  1  0  0  0
2005 01 04   88     30       40      0    -999   A8.3   3  0  0  3  0  0  0
2005 01 05   88     15       30      0    -999   A5.0   0  0  0  0  0  0  0
2005 01 06   83     14       30      0    -999   A4.7   0  0  0  0  0  0  0
2005 01 07   84     22       80      1    -999   A6.5   0  0  0  0  0  0  0
2005 01 08   89     34      170      1    -999   A7.3   1  0  0  0  0  0  0
2005 01 09   88     28      190      0    -999   A9.5   1  1  0  1  2  0  0
2005 01 10   90     40      180      1    -999   A7.9   1  0  0  0  0  0  0
2005 01 11   94     25      120      0    -999   A8.6   2  0  0  1  0  0  0
2005 01 12  102     58      600      0    -999   B1.6   0  0  0  3  0  0  0
2005 01 13  116     77     1240      0    -999   B2.6   9  0  0  7  0  0  0
2005 01 14  130     65     1790      0    -999   B7.3  26  4  0  9  2  1  0
2005 01 15  145    100     1980      0    -999   C1.6  12  6  2 25  2  2  1
2005 01 16  145     99     1960      2    -999   C1.6   7  1  0  8  1  0  0
2005 01 17  138    107     1770      1    -999   C1.5   2  1  1  5  0  1  0
2005 01 18  124    109     1650      1    -999   B7.1   7  2  0  7  2  1  0
2005 01 19  133     66     1400      0    -999   B6.8   4  3  1  5  1  2  0
2005 01 20  123     61     1580      0    -999   B8.7   5  0  1  4  0  1  1
2005 01 21  114     69     1290      2    -999   B6.2   9  2  0  2  0  0  0
2005 01 22  102     60     1230      0    -999   B3.0   5  0  0  0  0  0  0
2005 01 23   96     40      230      0    -999   B1.5   1  1  0  0  0  0  0
2005 01 24   95     42      500      1    -999   A9.3   0  0  0  0  0  0  0
2005 01 25   94     56      330      1    -999   A8.6   0  0  0  0  0  0  0
2005 01 26   89     46      160      0    -999   A8.7   0  0  0  0  1  0  0
2005 01 27   87     43      140      0    -999   A5.6   0  0  0  0  0  0  0
2005 01 28   85     43      150      0    -999   A4.7   0  0  0  0  0  0  0
2005 01 29   86     30      160      0    -999   A4.4   0  0  0  0  0  0  0
2005 01 30   86     38      120      0    -999   A4.6   0  0  0  0  0  0  0
2005 01 31   86     49      180      1    -999   A4.4   1  0  0  1  0  0  0
2005 02 01   84     27      170      0    -999   A4.0   0  0  0  0  0  0  0
2005 02 02   82     28      150      0    -999   A4.5   0  0  0  0  0  0  0
2005 02 03   83     23       50      0    -999   A7.6   0  0  0  0  0  0  0
2005 02 04   82     22       80      1    -999   B1.3   4  0  0  0  0  0  0
2005 02 05   95     22       40      0    -999   B2.1   1  0  0  0  0  0  0
2005 02 06   97     47      140      2    -999   B1.8   1  0  0  0  0  0  0
2005 02 07  103     62      360      1    -999   B2.2   4  0  0  1  1  0  0
2005 02 08  108     53      360      0    -999   B2.0   2  0  0  0  0  0  0
2005 02 09  109     60      490      1    -999   B1.9   0  0  0  0  1  0  0
2005 02 10  114     63      530      1    -999   B2.1   1  0  0  3  0  0  0
2005 02 11  114     73      900      0    -999   B2.1   1  0  0  0  3  0  0
2005 02 12  116     72      790      0    -999   B1.8   0  0  0  4  0  0  0
2005 02 13  116     73      720      0    -999   B1.6   2  0  0  3  1  0  0
2005 02 14  118    115      760      0    -999   B1.5   2  0  0  3  1  0  0
2005 02 15  122     69      690      0    -999   B1.6   1  0  0  4  0  0  0
2005 02 16  113     61      720      0    -999   B1.4   2  0  0  1  1  0  0
2005 02 17  111     51      620      0    -999   B1.3   1  0  0  0  0  0  0
2005 02 18  104     46      590      0    -999   B2.1   5  0  0  1  0  0  0
2005 02 19   99     51      520      0    -999   B1.6   1  1  0  0  0  0  0
2005 02 20   96     60      580      1    -999   A7.0   0  0  0  0  0  0  0
2005 02 21   95     33      560      0    -999   A9.9   0  0  0  0  0  0  0
2005 02 22   92     23      510      0    -999   B1.1   0  0  0  0  0  0  0
2005 02 23   85     54      200      2    -999   B1.1   2  0  0  0  0  0  0
2005 02 24   80     17       40      0    -999   A6.4   0  0  0  0  0  0  0
2005 02 25   78     15       30      0    -999   A2.1   0  0  0  0  0  0  0
2005 02 26   77     27       70      1    -999   A1.4   0  0  0  0  0  0  0
2005 02 27   76     12       20      0    -999   A1.7   0  0  0  0  0  0  0
2005 02 28   75     11        0      0    -999   A1.5   0  0  0  0  0  0  0
2005 03 01   74     11       10      0    -999   A2.1   0  0  0  0  0  0  0
2005 03 02   75     11       20      1    -999   A2.0   0  0  0  0  0  0  0
2005 03 03   77     24       20      0    -999   A4.1   0  0  0  0  0  0  0
2005 03 04   79     13      110      1    -999   A4.5   0  0  0  0  0  0  0
2005 03 05   81     22      110      0    -999   A4.7   1  0  0  1  1  0  0
2005 03 06   84     22       80      0    -999   A6.4   0  0  0  3  1  0  0
2005 03 07   87     43      140      1    -999   A7.8   0  0  0  0  0  0  0
2005 03 08   94     52      160      0    -999   B1.1   0  0  0  1  0  0  0
2005 03 09  100     77      560      1    -999   B1.6   2  0  0  3  0  0  0
2005 03 10  102     70      470      0    -999   B1.4   1  0  0  0  0  0  0
2005 03 11  105     59      490      0    -999   B1.4   1  0  0  0  0  0  0
2005 03 12  110     67      530      0    -999   B1.8   1  0  0  0  0  0  0
2005 03 13  114     77      650      0    -999   B1.7   5  0  0  1  0  0  0
2005 03 14  112     49      640      0    -999   B1.6   1  0  0  1  0  0  0
2005 03 15  108     58      720      0    -999   B1.4   1  0  0  1  0  0  0
2005 03 16  105     45      670      0    -999   B1.4   0  0  0  1  0  0  0
2005 03 17  101     35      540      0    -999   B1.4   0  0  0  2  0  0  0
2005 03 18   96     37      600      0    -999   B1.6   1  0  0  1  0  0  0
2005 03 19   93     41      640      0    -999   B1.4   2  0  0  1  0  0  0
2005 03 20   89     39      370      1    -999   A7.7   3  0  0  1  0  0  0
2005 03 21   90     53      330      1    -999   A6.2   1  0  0  2  0  0  0
2005 03 22   87     49      360      0    -999   A6.9   0  0  0  0  0  0  0
2005 03 23   88     56      220      1    -999   A7.5   0  0  0  1  0  0  0
2005 03 24   87     57      170      0    -999   A5.8   1  0  0  1  0  0  0
2005 03 25   82     65      290      0    -999   A3.7   0  0  0  1  0  0  0
2005 03 26   78     41      140      0    -999   A3.1   0  0  0  0  0  0  0
2005 03 27   78     35      120      0    -999   A3.3   0  0  0  0  0  0  0
2005 03 28   80     15       60      0    -999   A2.8   0  0  0  0  0  0  0
2005 03 29   79     15       30      0    -999   A2.7   0  0  0  0  0  0  0
2005 03 30   78     11       10      0    -999   A2.0   0  0  0  0  0  0  0
2005 03 31   77     22       30      2    -999   A1.7   0  0  0  0  0  0  0
2005 04 01   78     26       60      0    -999   A2.5   0  0  0  0  0  0  0
2005 04 02   80     30      100      0    -999   A3.4   0  0  0  0  0  0  0
2005 04 03   81     38      120      1    -999   A3.2   0  0  0  0  0  0  0
2005 04 04   85     54      170      0    -999   A6.6   0  0  0  0  0  0  0
2005 04 05   88     56      290      1    -999   A7.1   1  0  0  1  0  0  0
2005 04 06   88     50      180      0    -999   A7.8   2  0  0  0  0  0  0
2005 04 07   88     49      240      0    -999   A6.9   0  0  0  0  0  0  0
2005 04 08   88     56      250      1    -999   A6.1   0  0  0  0  0  0  0
2005 04 09   88     43      190      0    -999   A8.5   0  0  0  0  0  0  0
2005 04 10   88     42      140      0    -999   B1.0   0  0  0  0  0  0  0
2005 04 11   88     17       90      0    -999   A9.2   1  0  0  0  0  0  0
2005 04 12   85     32      160      1    -999   A6.9   1  0  0  1  0  0  0
2005 04 13   84     45      220      1    -999   A4.6   0  0  0  0  0  0  0
2005 04 14   85     63      290      1    -999   A5.4   0  0  0  0  0  0  0
2005 04 15   85     61      230      0    -999   A5.3   0  0  0  0  0  0  0
2005 04 16   83     52      160      0    -999   A5.5   0  0  0  0  0  0  0
2005 04 17   84     54      200      1    -999   A5.5   4  0  0  1  0  0  0
2005 04 18   81     44      180      0    -999   A4.8   0  0  0  1  0  0  0
2005 04 19   78     43      140      0    -999   A3.5   0  0  0  0  1  0  0
2005 04 20   77     39      130      0    -999   A2.5   0  0  0  0  0  0  0
2005 04 21   77     22       70      0    -999   A1.5   0  0  0  0  0  0  0
2005 04 22   77     34       80      0    -999   A2.6   0  0  0  0  0  0  0
2005 04 23   79     35       80      0    -999   A5.5   0  0  0  0  0  0  0
2005 04 24   82      0        0      0    -999   B1.1   0  0  0  0  0  0  0
2005 04 25   86     25      340      1    -999   B1.0   0  0  0  0  0  0  0
2005 04 26   91     20      550      0    -999   B1.1   4  0  0  4  0  0  0
2005 04 27   95     45      770      0    -999   B1.2   0  0  0  0  0  0  0
2005 04 28   98     71     1060      1    -999   B1.3   1  0  0  4  0  0  0
2005 04 29  105     46      930      0    -999   B1.2   1  0  0  3  0  0  0
2005 04 30  106     53     1060      0    -999   B1.6   1  0  0  2  0  0  0
2005 05 01  112     61      910      0    -999   B2.4   2  0  0  2  0  0  0
2005 05 02  112     55      970      1    -999   B2.3   1  0  0  0  0  0  0
2005 05 03  112     79     1040      0    -999   B2.6   1  0  0  2  1  0  0
2005 05 04  109     61     1040      0    -999   B2.0   1  0  0  3  0  0  0
2005 05 05  109     50      830      0    -999   B2.8   4  0  0  3  0  0  0
2005 05 06  110     66      870      0    -999   B2.3   5  1  0  3  0  1  0
2005 05 07  100     55      400      0    -999   B2.7   2  1  0  0  1  0  0
2005 05 08  101     79      510      1    -999   B2.4   1  0  0  0  0  0  0
2005 05 09  110    106      910      2    -999   B4.1   8  0  0  3  0  0  0
2005 05 10  119    106      870      1    -999   B4.1   7  1  0  4  1  0  0
2005 05 11  125    117     1330      2    -999   B4.4   9  2  0  3  2  1  0
2005 05 12  117    110     1140      0    -999   B3.4  14  2  0 11  1  2  0
2005 05 13  126    100     1280      0    -999   B2.7   2  1  0  3  0  1  0
2005 05 14  100     91      720      0    -999   B6.8   4  0  0  2  0  0  0
2005 05 15  103     69      490      0    -999   B2.9   9  1  0  1  1  0  0
2005 05 16   99     70      520      0    -999   B2.7   7  2  0 11  1  0  0
2005 05 17   90     45      360      0    -999   B1.4   3  1  0  2  2  0  0
2005 05 18   84     46      400      0    -999   A8.8   2  0  0  1  0  0  0
2005 05 19   85     34      310      1    -999   A6.9   0  0  0  0  0  0  0
2005 05 20   84     22      170      0    -999   A8.4   0  0  0  0  0  0  0
2005 05 21   82     37      130      2    -999   A9.4   0  0  0  0  0  0  0
2005 05 22   82     42      200      0    -999   A6.9   0  0  0  0  0  0  0
2005 05 23   83     36      150      0    -999   A6.6   0  0  0  0  0  0  0
2005 05 24   85     40      170      0    -999   A9.1   0  0  0  3  0  0  0
2005 05 25   84     45      180      0    -999   A7.3   0  0  0  0  0  0  0
2005 05 26   90     72      190      1    -999   A9.9   1  0  0  0  1  0  0
2005 05 27   96     51      270      0    -999   B1.9   3  1  0  6  1  1  0
2005 05 28   92     71      390      1    -999   B1.5   4  0  0  1  0  0  0
2005 05 29   93     55      230      1    -999   B1.1   0  0  0  0  0  0  0
2005 05 30   95     76      360      1    -999   B1.2   0  0  0  0  0  0  0
2005 05 31   96     79      270      1    -999   B1.6   1  0  0  1  0  0  0
2005 06 01   94     95      500      1    -999   B1.7   8  1  0  6  1  0  0
2005 06 02   93     69      270      0    -999   B1.8   1  0  0  1  0  0  0
2005 06 03   95     55      260      0    -999   B2.0   2  2  0  2  1  0  0
2005 06 04   97     74      520      2    -999   B1.7   8  0  0  5  0  0  0
2005 06 05  105     77      630      1    -999   B2.7   2  0  0  3  0  0  0
2005 06 06  106     89      760      0    -999   B1.9   4  0  0  4  3  0  0
2005 06 07  109     94     1030      0    -999   B1.6   2  0  0  3  0  0  0
2005 06 08  116    100     1130      0    -999   B2.2   4  0  0  3  0  0  0
2005 06 09  116     99     1130      0    -999   B2.2   2  0  0  4  0  0  0
2005 06 10  114    103     1070      1    -999   B2.4   1  0  0  1  0  0  0
2005 06 11  108     85      920      0    -999   B1.5   0  0  0  0  0  0  0
2005 06 12  103     85      840      0    -999   B1.6   2  0  0  6  0  0  0
2005 06 13   92     73      700      0    -999   B1.3   0  0  0  0  0  0  0
2005 06 14   94     44      560      0    -999   B1.4   2  0  0  2  1  0  0
2005 06 15   95     64      730      2    -999   B1.3   1  0  0  1  0  0  0
2005 06 16   98     67      650      0    -999   B1.8   2  1  0  2  0  0  0
2005 06 17   91     59      530      1    -999   B2.3   2  0  0  0  0  0  0
2005 06 18   90     50      530      0    -999   B1.5   5  0  0  8  0  0  0
2005 06 19   87     43      500      0    -999   B1.0   1  0  0  1  0  0  0
2005 06 20   86     47      400      0    -999   A8.8   0  0  0  0  0  0  0
2005 06 21   83     53      340      0    -999   A7.8   1  0  0  1  0  0  0
2005 06 22   80     39      250      0    -999   A6.1   1  0  0  1  0  0  0
2005 06 23   78     19       30      0    -999   A5.3   0  0  0  0  0  0  0
2005 06 24   77     14       20      0    -999   A3.4   0  0  0  0  0  0  0
2005 06 25   77     12       10      0    -999   A2.7   1  0  0  1  0  0  0
2005 06 26   79      0        0      0    -999   A4.8   1  0  0  0  0  0  0
2005 06 27   77     11       60      1    -999   A8.0   1  0  0  1  0  0  0
2005 06 28   80     20       90      0    -999   A5.7   0  0  0  0  0  0  0
2005 06 29   88     57      180      3    -999   A8.6   0  0  0  0  0  0  0
2005 06 30  103     96      400      1    -999   B1.5   0  0  0  0  0  0  0
2005 07 01  115    122      630      2    -999   B2.0   2  0  0  0  0  0  0
2005 07 02  124    168     1400      1    -999   B3.1   6  0  0  7  0  0  0
2005 07 03  130    179     1460      0    -999   B3.7   4  0  0  3  0  0  0
2005 07 04  124    192     1150      1    -999   B2.8   2  0  0  1  0  0  0
2005 07 05  127    181     1310      0    -999   B2.9   3  0  0  5  0  0  0
2005 07 06  123    143     1130      0    -999   B2.9   9  0  0 11  0  0  0
2005 07 07  125    149     1150      0    -999   B3.0   5  1  0  5  0  0  0
2005 07 08  110    111     1090      0    -999   B2.3   2  0  0  5  0  0  0
2005 07 09  107    126      810      0    -999   B2.1   2  1  0  2  1  0  0
2005 07 10  102     78      550      0    -999   B1.9   3  0  0  3  0  0  0
2005 07 11   93     68      490      0    -999   B3.2   4  0  0  3  0  0  0
2005 07 12   96     52      370      0    -999   B7.8  11  3  0  7  0  0  0
2005 07 13   92     55      440      1    -999   B5.8   6  5  0 10  1  0  0
2005 07 14   90     61      400      0    -999   C1.0   3  4  1  1  1  0  0
2005 07 15   87     38      130      0    -999   B5.9   6  0  0  2  0  0  0
2005 07 16   76     16      190      0    -999   B1.0   4  1  0  2  0  0  0
2005 07 17   74     12       60      0    -999   A5.4   1  0  0  0  0  0  0
2005 07 18   72      0        0      0    -999   A2.9   0  0  0  0  0  0  0
2005 07 19   71      0        0      0    -999   A1.3   0  0  0  0  0  0  0
2005 07 20   72      0        0      0    -999   A1.3   0  0  0  0  0  0  0
2005 07 21   73      0        0      0    -999   A1.3   0  0  0  0  0  0  0
2005 07 22   74      0        0      0    -999   A1.8   0  0  0  0  0  0  0
2005 07 23   80     20       90      1    -999   A4.2   0  0  0  0  0  0  0
2005 07 24   80     18      110      0    -999   A4.3   0  0  0  0  0  0  0
2005 07 25   84     23      130      0    -999   A6.3   0  0  0  0  0  0  0
2005 07 26   87     29      160      0    -999   A8.9   0  0  0  0  0  0  0
2005 07 27   91     19      130      0    -999   B1.7   2  1  0  0  0  0  0
2005 07 28   96     29      340      1    -999   B1.8   1  2  0  1  0  0  0
2005 07 29  104     69      540      1    -999   B1.8   1  0  0  0  0  0  0
2005 07 30  105     62      580      0    -999   B2.6   2  0  1  1  1  2  0
2005 07 31  110    110      660      2    -999   B2.2   2  1  0  2  0  0  0
2005 08 01  111    102      780      0    -999   B2.0   2  1  0  1  1  0  0
2005 08 02  110    112      660      0    -999   B2.4   3  1  0  1  1  0  0
2005 08 03  109    102      570      1    -999   B1.8   3  1  0  3  1  0  0
2005 08 04  106     85      500      0    -999   B1.8   2  0  0  3  0  0  0
2005 08 05   99     74      480      0    -999   B1.4   2  0  0  1  0  0  0
2005 08 06   93     54      420      0    -999   B1.2   0  0  0  1  0  0  0
2005 08 07   92     67      400      0    -999   B1.5   1  0  0  0  0  0  0
2005 08 08   86     56      370      0    -999   B1.0   0  0  0  0  0  0  0
2005 08 09   83     51      360      0    -999   A8.1   0  0  0  0  0  0  0
2005 08 10   76     34      190      0    -999   A5.5   0  0  0  0  0  0  0
2005 08 11   76     35      220      1    -999   A4.0   0  0  0  0  0  0  0
2005 08 12   76     47      210      0    -999   A4.3   0  0  0  0  0  0  0
2005 08 13   75     33      110      0    -999   A3.4   0  0  0  0  0  0  0
2005 08 14   75     34      190      1    -999   A3.6   0  0  0  0  0  0  0
2005 08 15   76     49      170      0    -999   A3.7   0  0  0  0  0  0  0
2005 08 16   76     48      140      0    -999   A3.3   0  0  0  0  0  0  0
2005 08 17   77     42      110      0    -999   A3.6   0  0  0  0  0  0  0
2005 08 18   83     42      130      1    -999   A6.1   0  0  0  0  0  0  0
2005 08 19   93     61      320      1    -999   B1.0   0  0  0  0  0  0  0
2005 08 20   98     74      680      1    -999   B1.4   0  0  0  0  0  0  0
2005 08 21   99     77      680      0    -999   B1.8   1  0  0  0  0  0  0
2005 08 22  105     85      860      0    -999   B1.7   0  2  0  1  2  0  0
2005 08 23  112     55      860      0    -999   B5.5   3  1  0  1  0  0  0
2005 08 24   99     87      700      2    -999   B3.5   3  0  0  1  0  0  0
2005 08 25   92     76      450      1    -999   B1.9   0  1  0  0  2  0  0
2005 08 26   93     57      290      0    -999   B1.8   3  0  0  1  0  0  0
2005 08 27   92     91      280      1    -999   B1.1   1  0  0  1  0  0  0
2005 08 28   90     99      270      0    -999   A8.7   0  1  0  1  0  0  0
2005 08 29   89     88      270      1    -999   A9.1   3  0  0  2  0  0  0
2005 08 30   86     68      150      0    -999   A8.5   1  0  0  1  0  0  0
2005 08 31   84     48      120      0    -999   A7.1   1  0  0  0  0  0  0
2005 09 01   79     24       80      0    -999   A4.4   0  0  0  0  0  0  0
2005 09 02   77     28       80      1    -999   A3.7   0  0  0  0  0  0  0
2005 09 03   74     14       60      0    -999   A2.7   0  0  0  1  0  0  0
2005 09 04   75     12       60      0    -999   A3.2   1  0  0  0  0  0  0
2005 09 05   75     12       40      0    -999   A7.6   1  0  0  0  0  0  0
2005 09 06   83     12       40      0    -999   B3.4   2  1  0  0  0  0  0
2005 09 07  100     11       10      1    -999   C1.0   4  0  1  0  0  0  1
2005 09 08   94     36      550      1    -999   C1.0   5  2  1  3  0  1  0
2005 09 09   99     59     1450      0    -999   B8.3   7  5  3 13  1  2  0
2005 09 10  100     59     1420      0    -999   C1.9   3  3  2 13  4  1  0
2005 09 11  110    101     1270      0    -999   C1.8   5  3  0  9  2  0  0
2005 09 12  118     62      840      0    -999   B4.9   9  4  0  2  2  2  0
2005 09 13  114     95      860      0    -999   B5.2   9  1  2  8  0  1  0
2005 09 14  117     86     1000      0    -999   B5.2   8  1  0  8  0  0  0
2005 09 15  119     77      880      0    -999   B3.5  12  2  1  9  1  1  0
2005 09 16  112     51      620      0    -999   B3.3   6  3  0  6  2  0  0
2005 09 17  104     59      470      1    -999   B3.7   6  1  0  5  0  1  0
2005 09 18  102     50      510      0    -999   B2.8   3  0  0  2  0  0  0
2005 09 19   91     43      460      1    -999   B1.8   2  0  0  0  0  0  0
2005 09 20   88     23      250      0    -999   B1.7   1  0  0  0  0  0  0
2005 09 21   86     19      210      0    -999   B1.1   0  0  0  0  0  0  0
2005 09 22   84     28      230      0    -999   A5.9   0  0  0  0  0  0  0
2005 09 23   83     49      280      1    -999   A3.8   1  0  0  1  0  0  0
2005 09 24   81     33      220      0    -999   A2.7   0  0  0  0  0  0  0
2005 09 25   81     28      170      0    -999   A2.2   0  0  0  0  0  0  0
2005 09 26   81     25      160      0    -999   A2.5   0  0  0  0  0  0  0
2005 09 27   77     23      210      0    -999   A2.6   0  0  0  0  0  0  0
2005 09 28   75     22      200      0    -999   A1.3   0  0  0  0  0  0  0
2005 09 29   74     22      170      0    -999   A1.4   0  0  0  0  0  0  0
2005 09 30   72     13       20      0    -999   A1.8   0  0  0  0  0  0  0
2005 10 01   72      0        0      0    -999   A1.8   0  0  0  0  0  0  0
2005 10 02   75      0        0      0    -999   A4.6   0  0  0  0  0  0  0
2005 10 03   74      0        0      0    -999   A5.5   0  0  0  0  0  0  0
2005 10 04   83     15       60      1    -999   B1.6   0  0  0  0  0  0  0
2005 10 05   81     31      150      0    -999   B1.3   1  0  0  3  0  0  0
2005 10 06   80     28      130      0    -999   A8.0   0  0  0  0  0  0  0
2005 10 07   79     31      120      0    -999   A5.9   0  0  0  0  0  0  0
2005 10 08   78     24       80      0    -999   A4.4   0  0  0  0  0  0  0
2005 10 09   79     16       30      0    -999   A4.4   0  0  0  0  0  0  0
2005 10 10   79     11       20      0    -999   A4.5   0  0  0  0  0  0  0
2005 10 11   78     25       50      1    -999   A2.5   1  0  0  0  0  0  0
2005 10 12   77     17       40      0    -999   A2.5   1  0  0  1  0  0  0
2005 10 13   78     11       10      0    -999   A2.5   0  0  0  0  0  0  0
2005 10 14   78     11       50      1    -999   A2.5   0  0  0  0  0  0  0
2005 10 15   80     11       70      0    -999   A2.5   0  0  0  0  0  0  0
2005 10 16   79     11       50      0    -999   A2.5   0  0  0  0  0  0  0
2005 10 17   78     11       40      0    -999   A2.5   0  0  0  0  0  0  0
2005 10 18   78     11       30      0    -999   A2.5   0  0  0  0  0  0  0
2005 10 19   78     30       50      1    -999   A2.4   0  0  0  0  0  0  0
2005 10 20   77     15       20      0    -999   A1.2   0  0  0  0  0  0  0
2005 10 21   75     15       20      0    -999   A0.0   0  0  0  0  0  0  0
2005 10 22   75     13       20      0    -999   A0.0   0  0  0  0  0  0  0
2005 10 23   74     11       10      1    -999   A0.0   0  0  0  0  0  0  0
2005 10 24   73      0        0      0    -999   A0.0   0  0  0  0  0  0  0
2005 10 25   73      0        0      0    -999   A0.0   0  0  0  0  0  0  0
2005 10 26   72      0        0      0    -999   A0.0   0  0  0  0  0  0  0
2005 10 27   72      0        0      0    -999   A0.0   0  0  0  0  0  0  0
2005 10 28   73      0        0      0    -999   A0.0   0  0  0  0  0  0  0
2005 10 29   74     11       10      1    -999   A1.4   0  0  0  0  0  0  0
2005 10 30   76     14       40      0    -999   A2.6   0  0  0  0  0  0  0
2005 10 31   78     29       60      1    -999   A2.9   0  0  0  0  0  0  0
2005 11 01   77     33       80      0    -999   A3.5   0  0  0  0  0  0  0
2005 11 02   78     36       70      0    -999   A3.5   0  0  0  0  0  0  0
2005 11 03   77     24       40      0    -999   A3.3   0  0  0  1  0  0  0
2005 11 04   77     22       20      0    -999   A3.2   0  0  0  0  0  0  0
2005 11 05   79     18       50      1    -999   A3.6   0  0  0  0  0  0  0
2005 11 06   82     34       70      0    -999   A4.3   1  0  0  0  0  0  0
2005 11 07   79     31      180      0    -999   A5.2   0  0  0  0  0  0  0
2005 11 08   79     38      120      1    -999   A4.9   0  0  0  0  0  0  0
2005 11 09   78     13       30      0    -999   A4.1   1  0  0  0  0  0  0
2005 11 10   78      0        0      0    -999   A3.1   0  0  0  0  0  0  0
2005 11 11   79      0        0      0    -999   A2.1   0  0  0  0  0  0  0
2005 11 12   83     11      120      1    -999   B1.2   2  0  0  0  0  0  0
2005 11 13   88     16      120      0    -999   B2.4   6  1  0  3  0  0  0
2005 11 14   92     26      610      0    -999   B3.0   7  3  0  5  1  0  0
2005 11 15  100     32      810      0    -999   B1.6  10  1  0  1  0  0  0
2005 11 16   94     58      740      0    -999   B1.0   1  0  0  0  0  0  0
2005 11 17  101     62      720      0    -999   B1.1   2  0  0  2  0  0  0
2005 11 18  101     51      690      0    -999   B2.2   4  1  0  2  0  0  0
2005 11 19  102     52      650      1    -999   B1.6   1  0  0  2  0  0  0
2005 11 20   96     56      700      1    -999   B1.2   2  0  0  0  0  0  0
2005 11 21   95     45      590      0    -999   A9.8   0  0  0  0  0  0  0
2005 11 22   93     36      600      0    -999   A8.2   0  0  0  0  0  0  0
2005 11 23   90     35      410      0    -999   A6.4   0  0  0  0  0  0  0
2005 11 24   87     30      320      0    -999   A7.0   0  0  0  0  0  0  0
2005 11 25   80     39      210      1    -999   A6.7   0  0  0  0  0  0  0
2005 11 26   81     30       80      0    -999   A7.8   1  0  0  0  0  0  0
2005 11 27   81     26       70      0    -999   A5.7   0  0  0  0  0  0  0
2005 11 28   82     27      100      1    -999   A4.6   0  0  0  0  0  0  0
2005 11 29   85     27       90      0    -999   A4.7   1  0  0  1  0  0  0
2005 11 30   95     57      240      1    -999   B1.3   0  1  0  0  0  0  0
2005 12 01   98     79      390      1    -999   B2.6   6  0  0  1  0  0  0
2005 12 02  106     98      720      2    -999   B3.6   3  4  0  0  2  0  0
2005 12 03  101     75      550      0    -999   B2.3   5  0  0  2  2  0  0
2005 12 04   95     91      580      1    -999   B1.1   1  0  0  1  1  0  0
2005 12 05   92     85      420      0    -999   A8.9   0  0  0  0  0  0  0
2005 12 06   89     58      280      0    -999   A7.7   0  0  0  0  0  0  0
2005 12 07   89     22      140      0    -999   A6.7   0  0  0  1  0  0  0
2005 12 08   90     51      220      1    -999   B1.0   2  0  0  0  0  0  0
2005 12 09   89     61      280      3    -999   B1.1   0  0  0  0  0  0  0
2005 12 10   91     55      350      0    -999   B1.4   0  0  0  0  0  0  0
2005 12 11   93     51      340      0    -999   B1.6   1  0  0  0  0  0  0
2005 12 12   88     41      270      0    -999   A7.5   0  0  0  0  0  0  0
2005 12 13   88     67      340      1    -999   A5.7   1  0  0  0  0  0  0
2005 12 14   90     55      340      0    -999   A6.0   1  0  0  0  0  0  0
2005 12 15   87     47      360      0    -999   A4.2   0  0  0  0  0  0  0
2005 12 16   86     47      340      0    -999   A4.7   2  0  0  0  0  0  0
2005 12 17   85     45      240      1    -999   A3.7   0  0  0  0  0  0  0
2005 12 18   86     45      270      0    -999   A4.4   0  0  0  0  0  0  0
2005 12 19   90     63      390      0    -999   A6.1   0  0  0  0  0  0  0
2005 12 20   88     53      370      0    -999   A5.5   0  0  0  0  0  0  0
2005 12 21   87     45      260      0    -999   A5.0   0  0  0  0  0  0  0
2005 12 22   88     77      280      2    -999   B1.1   2  0  0  2  0  0  0
2005 12 23   93     47      290      0    -999   B1.6   0  0  0  0  0  0  0
2005 12 24   92     70      340      2    -999   B1.5   0  0  0  0  0  0  0
2005 12 25   92     77      300      1    -999   B1.1   1  0  0  1  0  0  0
2005 12 26   93     90      440      1    -999   B1.2   0  0  0  0  0  0  0
2005 12 27   92     78      350      0    -999   B1.0   0  0  0  0  0  0  0
2005 12 28   89     61      230      0    -999   A9.3   1  0  0  1  0  0  0
2005 12 29   90     77      340      1    -999   A9.3   1  0  0  0  0  0  0
2005 12 30   90     67      260      0    -999   A8.8   0  0  0  0  0  0  0
2005 12 31   87     62      250      0    -999   A6.5   0  0  0  0  0  0  0
