:Product: Daily Solar Data         2006_DSD.txt
#
#  Prepared by the U.S. Dept. of Commerce, NOAA, Space Environment Center.
#  Please send comments and suggestions to SEC.Webmaster@noaa.gov
#
#                              2006 Daily Solar Data
#
#                         Sunspot       Stanford GOES12
#           Radio  SESC     Area          Solar  X-Ray  ------ Flares ------
#           Flux  Sunspot  10E-6   New     Mean  Bkgd    X-Ray      Optical
#  Date     10.7cm Number  Hemis. Regions Field  Flux   C  M  X  S  1  2  3
#--------------------------------------------------------------------------- 
2006 01 01   87     41      200      0    -999   A5.8   1  0  0  0  0  0  0
2006 01 02   85     37      170      0    -999   A4.9   0  0  0  0  0  0  0
2006 01 03   85     39      120      0    -999   A3.6   0  0  0  0  0  0  0
2006 01 04   84     25      120      0    -999   A3.5   0  0  0  0  0  0  0
2006 01 05   83     23       90      0    -999   A3.3   1  0  0  1  0  0  0
2006 01 06   82     24       60      1    -999   A2.8   0  0  0  0  0  0  0
2006 01 07   79     11       50      0    -999   A2.1   0  0  0  0  0  0  0
2006 01 08   78     11       40      0    -999   A1.4   0  0  0  0  0  0  0
2006 01 09   78     11       30      0    -999   A0.0   0  0  0  0  0  0  0
2006 01 10   78     11       20      0    -999   A0.0   0  0  0  0  0  0  0
2006 01 11   77     12       20      0    -999   A0.0   0  0  0  0  0  0  0
2006 01 12   77     12       20      0    -999   A0.0   0  0  0  0  0  0  0
2006 01 13   77      0        0      0    -999   A0.0   0  0  0  0  0  0  0
2006 01 14   77      0        0      0    -999   A0.0   0  0  0  0  0  0  0
2006 01 15   81     32       70      2    -999   A1.7   1  0  0  0  0  0  0
2006 01 16   84     42      130      0    -999   A3.0   0  0  0  0  0  0  0
2006 01 17   83     36      130      0    -999   A3.0   0  0  0  0  0  0  0
2006 01 18   86     50      160      1    -999   A2.9   0  0  0  0  0  0  0
2006 01 19   89     48      190      0    -999   A5.5   0  0  0  0  0  0  0
2006 01 20   91     33      170      0    -999   A5.0   0  0  0  0  0  0  0
2006 01 21   94     28      200      0    -999   A9.8   0  0  0  0  0  0  0
2006 01 22   93     60      260      1    -999   A7.8   5  0  0  2  0  0  0
2006 01 23   92     73      270      1    -999   A6.2   1  0  0  0  0  0  0
2006 01 24   93     62      340      0    -999   B1.0   1  0  0  1  0  0  0
2006 01 25   89     42      210      0    -999   A8.2   0  0  0  0  0  0  0
2006 01 26   87     24      130      0    -999   A7.4   0  0  0  0  0  0  0
2006 01 27   84     29      110      1    -999   A6.5   0  0  0  0  0  0  0
2006 01 28   80     11       30      0    -999   A6.6   0  0  0  0  0  0  0
2006 01 29   80      0        0      0    -999   A4.6   0  0  0  0  0  0  0
2006 01 30   79      0        0      0    -999   A1.2   0  0  0  0  0  0  0
2006 01 31   78      0        0      0    -999   A0.0   0  0  0  0  0  0  0
2006 02 01   78      0        0      0    -999   A0.0   0  0  0  0  0  0  0
2006 02 02   77      0        0      0    -999   A0.0   0  0  0  0  0  0  0
2006 02 03   79      0        0      0    -999   A0.0   0  0  0  0  0  0  0
2006 02 04   77      0        0      0    -999   A0.0   0  0  0  0  0  0  0
2006 02 05   76      0        0      0    -999   A0.0   0  0  0  0  0  0  0
2006 02 06   75      0        0      0    -999   A0.0   0  0  0  0  0  0  0
2006 02 07   74      0        0      0    -999   A0.0   0  0  0  0  0  0  0
2006 02 08   74     12       10      1    -999   A0.0   0  0  0  0  0  0  0
2006 02 09   75     24       20      1    -999   A0.0   0  0  0  0  0  0  0
2006 02 10   75     13       20      0    -999   A0.0   0  0  0  0  0  0  0
2006 02 11   76     11       30      0    -999   A0.0   0  0  0  0  0  0  0
2006 02 12   76      0        0      0    -999   A0.0   0  0  0  0  0  0  0
2006 02 13   76      0        0      0    -999   A0.0   0  0  0  0  0  0  0
2006 02 14   77      0        0      0    -999   A0.0   0  0  0  0  0  0  0
2006 02 15   79     15       30      1    -999   A1.3   0  0  0  0  0  0  0
2006 02 16   79     27       50      1    -999   A1.4   0  0  0  0  0  0  0
2006 02 17   79     23       20      0    -999   A1.4   0  0  0  0  0  0  0
2006 02 18   79      0        0      0    -999   A0.0   0  0  0  0  0  0  0
2006 02 19   77      0        0      0    -999   A0.0   0  0  0  0  0  0  0
2006 02 20   76      0        0      0    -999   A0.0   0  0  0  0  0  0  0
2006 02 21   76      0        0      0    -999   A0.0   0  0  0  0  0  0  0
2006 02 22   76      0        0      0    -999   A0.0   0  0  0  0  0  0  0
2006 02 23   75      0        0      0    -999   A0.0   0  0  0  0  0  0  0
2006 02 24   76      0        0      0    -999   A0.0   0  0  0  0  0  0  0
2006 02 25   76      0        0      0    -999   A2.1   0  0  0  0  0  0  0
2006 02 26   77      0        0      0    -999   A2.1   0  0  0  0  0  0  0
2006 02 27   77     11       10      1    -999   A1.4   0  0  0  0  0  0  0
2006 02 28   77     11       20      0    -999   A1.3   0  0  0  0  0  0  0
2006 03 01   77      0        0      0    -999   A1.3   0  0  0  0  0  0  0
2006 03 02   76      0        0      0    -999   A0.0   0  0  0  0  0  0  0
2006 03 03   76      0        0      0    -999   A0.0   0  0  0  0  0  0  0
2006 03 04   75     13       10      0    -999   A0.0   0  0  0  0  0  0  0
2006 03 05   74     28       20      1    -999   A0.0   0  0  0  0  0  0  0
2006 03 06   74     27       20      0    -999   A0.0   0  0  0  0  0  0  0
2006 03 07   74     25       30      0    -999   A0.0   0  0  0  0  0  0  0
2006 03 08   72     24       30      0    -999   A0.0   0  0  0  0  0  0  0
2006 03 09   73     12       10      0    -999   A0.0   0  0  0  0  0  0  0
2006 03 10   72     12       10      0    -999   A0.0   0  0  0  0  0  0  0
2006 03 11   74      0        0      0    -999   A0.0   0  0  0  0  0  0  0
2006 03 12   73     18       20      1    -999   A0.0   0  0  0  0  0  0  0
2006 03 13   73     14       20      0    -999   A0.0   0  0  0  0  0  0  0
2006 03 14   74     34       30      2    -999   A0.0   0  0  0  0  0  0  0
2006 03 15   74     22       30      1    -999   A0.0   0  0  0  0  0  0  0
2006 03 16   72     22       20      0    -999   A1.2   0  0  0  0  0  0  0
2006 03 17   72     24       30      0    -999   A0.0   0  0  0  0  0  0  0
2006 03 18   72     27       30      1    -999   A0.0   0  0  0  0  0  0  0
2006 03 19   75     40      100      0    -999   A1.5   0  0  0  0  0  0  0
2006 03 20   77     33      130      0    -999   A3.0   0  0  0  2  0  0  0
2006 03 21   77     39      120      0    -999   A3.2   6  0  0  4  0  0  0
2006 03 22   76     49      130      1    -999   A4.6   0  0  0  0  0  0  0
2006 03 23   77     36       80      0    -999   A4.3   0  0  0  1  0  0  0
2006 03 24   76     44      110      1    -999   A4.1   0  0  0  0  0  0  0
2006 03 25   76      0        0      0    -999   A3.2   0  0  0  0  0  0  0
2006 03 26   74      0        0      0    -999   A1.8   0  0  0  0  0  0  0
2006 03 27   74      0        0      0    -999   A1.1   0  0  0  0  0  0  0
2006 03 28   79     11       20      1    -999   A6.6   0  0  0  0  0  0  0
2006 03 29   82     31      200      1    -999   A6.1   0  0  0  0  0  0  0
2006 03 30   84     35      210      0    -999   A6.5   0  0  0  2  0  0  0
2006 03 31   86     39      330      0    -999   A6.8   0  0  0  0  0  0  0
2006 04 01   87     39      320      0    -999   A4.0   0  0  0  0  0  0  0
2006 04 02   91     68      490      1    -999   A4.0   0  0  0  0  0  0  0
2006 04 03  100     79      550      0    -999   A4.0   3  0  0  0  0  0  0
2006 04 04  100     62      850      0    -999   A4.0   0  0  0  0  0  0  0
2006 04 05   99     88      860      1    -999   A4.0   2  0  0  0  0  0  0
2006 04 06   99    105      800      1    -999   A4.0   0  2  0  0  1  1  0
2006 04 07   95     65      450      0    -999   A4.0   1  0  0  0  0  0  0
2006 04 08   91     57      380      0    -999   A4.0   0  0  0  0  0  0  0
2006 04 09   89     46      120      0    -999   A4.0   0  0  0  0  0  0  0
2006 04 10   89     70      210      2    -999   A4.0   0  0  0  0  0  0  0
2006 04 11   90     73      220      2    -999   A4.0   3  0  0  1  1  0  0
2006 04 12   81     79      230      0    -999   A4.0   0  0  0  0  0  0  0
2006 04 13   80     69      160      0    -999   A4.0   0  0  0  0  0  0  0
2006 04 14   79     62      110      0    -999   A4.0   0  0  0  0  0  0  0
2006 04 15   78     45      140      0    -999   A4.0   0  0  0  0  0  0  0
2006 04 16   77     45       90      0    -999   A4.0   0  0  0  0  0  0  0
2006 04 17   78     48       50      0    -999   A4.0   0  0  0  0  0  0  0
2006 04 18   74     46       30      1    -999   A4.0   0  0  0  0  0  0  0
2006 04 19   76     38       40      0    -999   A4.0   0  0  0  0  0  0  0
2006 04 20   79     30       70      0    -999   A4.0   0  0  0  0  0  0  0
2006 04 21   79     14       30      0    -999   A4.0   0  0  0  0  0  0  0
2006 04 22   82     15       10      0    -999   A4.0   1  0  0  0  0  0  0
2006 04 23   87     24      270      1    -999   A4.0   0  0  0  0  0  0  0
2006 04 24   93     38      580      1    -999   A4.0   1  0  0  2  0  0  0
2006 04 25   95     33      660      0    -999   A4.0   1  0  0  0  0  0  0
2006 04 26  100     60      800      1    -999   A4.0   6  1  0  3  1  0  0
2006 04 27  101     63      550      0    -999   A4.0   0  1  0  0  1  0  0
2006 04 28  100     68      590      0    -999   A4.0   2  0  0  1  0  0  0
2006 04 29  101     64      390      0    -999   A4.0   2  0  0  1  0  0  0
2006 04 30  100     62      470      1    -999   A4.0   2  0  0  2  0  0  0
2006 05 01   93     51      290      0    -999   A4.0   1  0  0  3  0  0  0
2006 05 02   89     58      290      1    -999   A4.0   0  0  0  0  0  0  0
2006 05 03   89     52      340      0    -999   A4.0   0  0  0  0  0  0  0
2006 05 04   92     50      350      1    -999   A4.0   1  0  0  0  0  0  0
2006 05 05   87     61      210      1    -999   A4.0   0  0  0  0  0  0  0
2006 05 06   87     69      160      1    -999   A4.0   0  0  0  0  0  0  0
2006 05 07   86     64      160      1    -999   A4.0   0  0  0  0  0  0  0
2006 05 08   85     53      210      0    -999   A4.0   0  0  0  0  0  0  0
2006 05 09   83     56      180      0    -999   A4.0   0  0  0  0  0  0  0
2006 05 10   78     27      130      0    -999   A4.0   0  0  0  0  0  0  0
2006 05 11   76     36      110      0    -999   A4.0   0  0  0  1  0  0  0
2006 05 12   76     38       30      0    -999   A4.0   0  0  0  0  0  0  0
2006 05 13   74     24       30      0    -999   A4.0   0  0  0  0  0  0  0
2006 05 14   72     11       30      0    -999   A4.0   0  0  0  0  0  0  0
2006 05 15   72      0        0      0    -999   A4.0   0  0  0  0  0  0  0
2006 05 16   72      0        0      0    -999   A4.0   0  0  0  0  0  0  0
2006 05 17   72      0        0      0    -999   A4.0   0  0  0  0  0  0  0
2006 05 18   73      0        0      0    -999   A4.0   0  0  0  0  0  0  0
2006 05 19   75     15       20      1    -999   A4.0   0  0  0  0  0  0  0
2006 05 20   76     29      130      1    -999   A4.0   0  0  0  0  0  0  0
2006 05 21   78     30      110      0    -999   A4.0   0  0  0  0  0  0  0
2006 05 22   83     32      100      0    -999   A4.0   0  0  0  0  0  0  0
2006 05 23   84     48      110      1    -999   A4.0   0  0  0  0  0  0  0
2006 05 24   84     44      180      0    -999   A4.0   0  0  0  0  0  0  0
2006 05 25   84     33      100      0    -999   A4.0   0  0  0  0  0  0  0
2006 05 26   82     51      200      2    -999   A4.0   0  0  0  0  0  0  0
2006 05 27   83     69      230      1    -999   A4.0   0  0  0  0  0  0  0
2006 05 28   85     78      200      1    -999   A4.0   0  0  0  0  0  0  0
2006 05 29   81     54       90      0    -999   A4.0   0  0  0  0  0  0  0
2006 05 30   80     51      130      1    -999   A4.0   0  0  0  0  0  0  0
2006 05 31   78     44       60      0    -999   A4.0   0  0  0  0  0  0  0
2006 06 01   77     11       30      0    -999   A4.0   0  0  0  0  0  0  0
2006 06 02   75      0        0      0    -999   A4.0   0  0  0  0  0  0  0
2006 06 03   76      0        0      0    -999   A4.4   0  0  0  0  0  0  0
2006 06 04   76     17      230      1    -999   A4.4   0  0  0  0  0  0  0
2006 06 05   78     23      230      0    -999   A3.2   0  0  0  0  0  0  0
2006 06 06   78     36      280      1    -999   A3.1   0  0  0  0  0  0  0
2006 06 07   83     48      310      0    -999   A6.0   0  0  0  1  0  0  0
2006 06 08   80     67      390      0    -999   A5.2   0  0  0  0  0  0  0
2006 06 09   78     42      360      0    -999   A3.5   0  0  0  0  0  0  0
2006 06 10   76     46      300      0    -999   A3.2   0  0  0  0  0  0  0
2006 06 11   74     46      170      1    -999   A2.1   0  0  0  0  0  0  0
2006 06 12   74     32      120      0    -999   A2.1   0  0  0  0  0  0  0
2006 06 13   77     23      120      0    -999   A2.7   0  0  0  0  0  0  0
2006 06 14   75     35      120      0    -999   A3.6   0  0  0  0  0  0  0
2006 06 15   76     11       80      0    -999   A9.3   2  0  0  1  0  0  0
2006 06 16   75      0        0      0    -999   A5.2   1  0  0  0  0  0  0
2006 06 17   73     42       70      2    -999   A1.6   0  0  0  0  0  0  0
2006 06 18   73     23       20      0    -999   A1.4   0  0  0  0  0  0  0
2006 06 19   73     21       40      0    -999   A0.0   0  0  0  0  0  0  0
2006 06 20   73     20       50      0    -999   A0.0   0  0  0  0  0  0  0
2006 06 21   73     19      110      0    -999   A0.0   0  0  0  0  0  0  0
2006 06 22   72      0        0      0    -999   A0.0   0  0  0  0  0  0  0
2006 06 23   72      0        0      0    -999   A0.0   0  0  0  0  0  0  0
2006 06 24   74      0        0      0    -999   A2.7   0  0  0  0  0  0  0
2006 06 25   74     13       60      1    -999   A3.3   0  0  0  0  0  0  0
2006 06 26   76     14       80      0    -999   A3.4   0  0  0  0  0  0  0
2006 06 27   79     33       70      0    -999   A5.5   0  0  0  0  0  0  0
2006 06 28   84     38      260      1    -999   A6.5   0  0  0  0  0  0  0
2006 06 29   86     35      330      0    -999   A7.8   0  0  0  0  0  0  0
2006 06 30   86     38      390      0    -999   A7.2   0  0  0  0  0  0  0
2006 07 01   86     36      240      0    -999   B1.3   0  0  0  0  0  0  0
2006 07 02   87     34      310      0    -999   B1.3   0  0  0  0  0  0  0
2006 07 03   86     38      380      0    -999   B1.3   1  0  0  0  0  0  0
2006 07 04   88     40      370      0    -999   B1.3   1  0  0  0  0  0  0
2006 07 05   85     28      520      1    -999   B1.3   1  0  0  0  0  0  0
2006 07 06   85     34      520      0    -999   B1.3   0  1  0  0  0  1  0
2006 07 07   80     35      480      0    -999   B1.3   3  0  0  0  0  0  0
2006 07 08   77     34      420      0    -999   B1.3   0  0  0  0  0  0  0
2006 07 09   75     33      300      0    -999   B1.3   0  0  0  0  0  0  0
2006 07 10   73     18       30      0    -999   B1.3   0  0  0  0  0  0  0
2006 07 11   71     13       20      0    -999   B1.3   0  0  0  0  0  0  0
2006 07 12   71     12       10      0    -999   B1.3   0  0  0  0  0  0  0
2006 07 13   70     11        1      0    -999   B1.3   0  0  0  0  0  0  0
2006 07 14   71     15       40      1    -999   B1.3   0  0  0  0  0  0  0
2006 07 15   70     17       50      0    -999   B1.3   0  0  0  0  0  0  0
2006 07 16   71     20       40      0    -999   B1.3   0  0  0  0  0  0  0
2006 07 17   71     23       40      0    -999   B1.3   0  0  0  0  0  0  0
2006 07 18   71     26       90      0    -999   B1.3   0  0  0  0  0  0  0
2006 07 19   71     24       90      0    -999   B1.3   0  0  0  0  0  0  0
2006 07 20   72     14       20      0    -999   B1.3   0  0  0  0  0  0  0
2006 07 21   73     12       10      0    -999   B1.3   0  0  0  0  0  0  0
2006 07 22   74      0       40      0    -999   B1.3   0  0  0  0  0  0  0
2006 07 23   77     21      130      0    -999   B1.3   0  0  0  0  0  0  0
2006 07 24   77     19      110      0    -999   B1.3   1  0  0  0  0  0  0
2006 07 25   76     16      100      0    -999   B1.3   0  0  0  0  0  0  0
2006 07 26   75     20      100      0    -999   B1.3   0  0  0  0  0  0  0
2006 07 27   74     23       70      0    -999   B1.3   0  0  0  0  0  0  0
2006 07 28   73     17       70      0    -999   B1.3   0  0  0  0  0  0  0
2006 07 29   73     19       80      0    -999   B1.3   0  0  0  0  0  0  0
2006 07 30   74     23       40      1    -999   B1.3   0  0  0  0  0  0  0
2006 07 31   72     25       30      0    -999   B1.3   0  0  0  0  0  0  0
2006 08 01   73     11       10      0    -999   B1.3   0  0  0  0  0  0  0
2006 08 02   72     22       50      0    -999   B1.3   0  0  0  0  0  0  0
2006 08 03   71     23       60      0    -999   B1.3   0  0  0  0  0  0  0
2006 08 04   70      0        0      0    -999   B1.3   0  0  0  0  0  0  0
2006 08 05   70      0        0      0    -999   B1.3   0  0  0  0  0  0  0
2006 08 06   70      0        0      0    -999   B1.3   0  0  0  0  0  0  0
2006 08 07   70      0        0      0    -999   B1.3   0  0  0  0  0  0  0
2006 08 08   71     12       40      1    -999   B1.3   0  0  0  0  0  0  0
2006 08 09   74     25      110      1    -999   B1.3   0  0  0  0  0  0  0
2006 08 10   80     37      310      0    -999   B1.3   1  0  0  7  0  0  0
2006 08 11   84     39      650      0    -999   B1.3   4  0  0  1  0  0  0
2006 08 12   85     27      750      0    -999   B1.3   0  0  0  0  0  0  0
2006 08 13   86     26      680      0    -999   B1.3   0  0  0  0  0  0  0
2006 08 14   86     45      700      0    -999   B1.3   0  0  0  0  0  0  0
2006 08 15   86     32      700      0    -999   B1.3   0  0  0  0  0  0  0
2006 08 16   86     29      600      0    -999   B1.3   3  0  0  1  0  0  0
2006 08 17   86     26      590      0    -999   A8.0   1  0  0  0  0  0  0
2006 08 18   89     29      590      0    -999   A7.7   0  0  0  0  0  0  0
2006 08 19   89     21      540      0    -999   B1.3   2  0  0  0  0  0  0
2006 08 20   88     15      520      0    -999   B1.9   3  0  0  1  0  0  0
2006 08 21   88     24      280      1    -999   B2.0   7  0  0  0  0  0  0
2006 08 22   81     14      230      0    -999   B1.1   0  0  0  0  0  0  0
2006 08 23   78     22      280      0    -999   A7.9   0  0  0  1  0  0  0
2006 08 24   78     22      290      0    -999   A4.6   0  0  0  0  0  0  0
2006 08 25   77     23      260      0    -999   A3.9   0  0  0  0  0  0  0
2006 08 26   76     21      330      0    -999   A3.5   1  0  0  1  0  0  0
2006 08 27   79     26      350      0    -999   A5.8   0  0  0  0  0  0  0
2006 08 28   76     48      260      0    -999   A4.4   1  0  0  0  0  0  0
2006 08 29   73     30      180      0    -999   A2.8   2  0  0  0  0  0  0
2006 08 30   74     19      160      0    -999   A1.7   0  0  0  0  0  0  0
2006 08 31   83     39      200      1    -999   A4.5   0  0  0  0  0  0  0
2006 09 01   77     32      190      0    -999   A6.4   1  0  0  0  0  0  0
2006 09 02   76     27      120      0    -999   A5.7   0  0  0  0  0  0  0
2006 09 03   77      0        0      0    -999   A5.5   0  0  0  0  0  0  0
2006 09 04   79      0        0      0    -999   A5.3   0  0  0  0  0  0  0
2006 09 05   80     26      130      2    -999   A4.5   0  0  0  0  0  0  0
2006 09 06   84     53      280      1    -999   A5.5   0  0  0  0  0  0  0
2006 09 07   87     39      260      0    -999   A6.8   0  0  0  0  0  0  0
2006 09 08   87     49      330      0    -999   A7.4   0  0  0  0  0  0  0
2006 09 09   86     51      340      0    -999   A5.7   0  0  0  0  0  0  0
2006 09 10   87     50      320      0    -999   A6.6   0  0  0  0  0  0  0
2006 09 11   85     42      250      0    -999   A6.2   1  0  0  1  0  0  0
2006 09 12   84     41      220      0    -999   A5.1   0  0  0  0  0  0  0
2006 09 13   83     38      270      0    -999   A6.5   0  0  0  0  0  0  0
2006 09 14   83     25      220      0    -999   A7.2   1  0  0  1  0  0  0
2006 09 15   80     12      180      0    -999   A5.4   0  0  0  0  0  0  0
2006 09 16   79     13      190      0    -999   A3.7   0  0  0  0  0  0  0
2006 09 17   78     11      120      0    -999   A2.7   0  0  0  0  0  0  0
2006 09 18   74     11       30      1    -999   A2.7   1  0  0  0  0  0  0
2006 09 19   73     11       30      0    -999   A2.3   0  0  0  0  0  0  0
2006 09 20   71     11       10      0    -999   A1.2   0  0  0  0  0  0  0
2006 09 21   71     11       10      0    -999   A0.0   0  0  0  2  0  0  0
2006 09 22   72     17       50      0    -999   A1.6   1  0  0  2  0  0  0
2006 09 23   70     13       20      0    -999   A0.0   0  0  0  1  0  0  0
2006 09 24   70     13       30      0    -999   A0.0   0  0  0  1  0  0  0
2006 09 25   70     11       10      0    -999   A0.0   0  0  0  1  0  0  0
2006 09 26   71     13       30      1    -999   A0.0   0  0  0  0  0  0  0
2006 09 27   72     11       20      0    -999   A1.3   0  0  0  0  0  0  0
2006 09 28   73     36      120      3    -999   A1.4   0  0  0  0  0  0  0
2006 09 29   77     51      180      1    -999   A1.3   0  0  0  0  0  0  0
2006 09 30   78     38      180      0    -999   A1.2   0  0  0  1  0  0  0
2006 10 01   78     35      130      0    -999   A3.0   0  0  0  0  0  0  0
2006 10 02   78     36      100      0    -999   A3.0   0  0  0  0  0  0  0
2006 10 03   77     23       60      0    -999   A3.0   0  0  0  0  0  0  0
2006 10 04   77     23       50      0    -999   A3.0   0  0  0  0  0  0  0
2006 10 05   77     27       60      0    -999   A3.0   0  0  0  1  0  0  0
2006 10 06   76     23       40      0    -999   A3.0   0  0  0  0  0  0  0
2006 10 07   77     24       50      0    -999   A3.0   0  0  0  0  0  0  0
2006 10 08   75     22       30      0    -999   A3.0   0  0  0  0  0  0  0
2006 10 09   75     11       30      0    -999   A3.0   0  0  0  0  0  0  0
2006 10 10   75     11       10      1    -999   A3.0   0  0  0  0  0  0  0
2006 10 11   74      0        0      0    -999   A3.0   0  0  0  0  0  0  0
2006 10 12   74      0        0      0    -999   A3.0   0  0  0  0  0  0  0
2006 10 13   73      0        0      0    -999   A3.0   0  0  0  0  0  0  0
2006 10 14   72      0        0      0    -999   A3.0   0  0  0  0  0  0  0
2006 10 15   71      0        0      0    -999   A3.0   0  0  0  0  0  0  0
2006 10 16   70      0        0      0    -999   A3.0   0  0  0  0  0  0  0
2006 10 17   70      0        0      0    -999   A3.0   0  0  0  0  0  0  0
2006 10 18   70      0        0      0    -999   A3.0   0  0  0  0  0  0  0
2006 10 19   70     14       30      1    -999   A3.0   0  0  0  0  0  0  0
2006 10 20   71     15       30      0    -999   A3.0   0  0  0  1  0  0  0
2006 10 21   75     16       70      0    -999   A3.0   0  0  0  0  0  0  0
2006 10 22   76     18      200      0    -999   A3.0   0  0  0  0  0  0  0
2006 10 23   76     50      210      1    -999   A3.0   0  0  0  0  0  0  0
2006 10 24   75     35      170      0    -999   A3.0   0  0  0  0  0  0  0
2006 10 25   75     15      100      0    -999   A3.0   0  0  0  0  0  0  0
2006 10 26   72      0        0      0    -999   A3.0   0  0  0  0  0  0  0
2006 10 27   72     14       20      1    -999   A3.0   0  0  0  0  0  0  0
2006 10 28   75     28      170      1    -999   A3.0   0  0  0  0  0  0  0
2006 10 29   73      0        0      0    -999   A3.0   0  0  0  0  0  0  0
2006 10 30   76     15       50      1    -999   A3.0   0  0  0  1  0  0  0
2006 10 31   80     34      150      1    -999   A3.0   0  0  0  0  0  0  0
2006 11 01   87     46      310      0    -999   A3.0   0  0  0  0  0  0  0
2006 11 02   88     59      460      0    -999   A3.0   1  0  0  0  0  0  0
2006 11 03   87     57      320      0    -999   A3.0   0  0  0  0  0  0  0
2006 11 04   86     52      400      0    -999   A3.0   0  0  0  0  0  0  0
2006 11 05   85     62      380      0    -999   A3.0   2  0  0  2  0  0  0
2006 11 06   84     30      160      0    -999   A3.0   2  0  0  0  0  0  0
2006 11 07   87     26       90      0    -999   A3.0   3  0  0  0  0  0  0
2006 11 08   86     38      390      1    -999   A3.0   0  0  0  0  0  0  0
2006 11 09   89     29      520      0    -999   A3.0   0  0  0  0  0  0  0
2006 11 10   91     13      530      0    -999   A3.0   0  0  0  0  0  0  0
2006 11 11   97     13      620      0    -999   A3.0   0  0  0  0  0  0  0
2006 11 12   97     18      610      0    -999   A3.0   4  0  0  0  0  0  0
2006 11 13   95     30      710      1    -999   A3.0   1  0  0  1  0  0  0
2006 11 14   95     41      800      1    -999   A3.0   0  0  0  0  0  0  0
2006 11 15   96     50      680      0    -999   A3.0   1  0  0  1  0  0  0
2006 11 16   94     42      690      0    -999   A3.0   0  0  0  0  0  0  0
2006 11 17   90     38      570      0    -999   A3.0   0  0  0  2  0  0  0
2006 11 18   89     39      580      0    -999   A3.0   0  0  0  2  0  0  0
2006 11 19   85     38      550      0    -999   A3.0   0  0  0  1  0  0  0
2006 11 20   81     33      340      0    -999   A3.0   0  0  0  0  0  0  0
2006 11 21   78     11       10      0    -999   A3.0   0  0  0  0  0  0  0
2006 11 22   77      0        0      0    -999   A3.0   0  0  0  0  0  0  0
2006 11 23   77      0        0      0    -999   A3.0   0  0  0  0  0  0  0
2006 11 24   77      0        0      0    -999   A4.2   0  0  0  0  0  0  0
2006 11 25   79     12      260      1    -999   A3.9   0  0  0  0  0  0  0
2006 11 26   78     12      160      0    -999   A3.3   0  0  0  0  0  0  0
2006 11 27   82     30      280      1    -999   A4.3   0  0  0  3  0  0  0
2006 11 28   86     34      240      0    -999   A4.9   0  0  0  0  0  0  0
2006 11 29   85     33      330      0    -999   A4.0   1  0  0  0  0  0  0
2006 11 30   84     59      340      1    -999   A2.6   0  0  0  0  0  0  0
2006 12 01   84     58      310      0    -999   A2.2   0  0  0  1  0  0  0
2006 12 02   87     55      280      0    -999   A9.5   3  0  0  5  0  0  0
2006 12 03   87     46      260      0    -999   A6.3   1  0  0  2  0  0  0
2006 12 04   92     43      190      2    -999   B1.1  11  0  0  1  0  0  0
2006 12 05  102     59      620      0    -999   B4.1   9  1  1  8  1  1  0
2006 12 06  103     44      620      0    -999   B5.3  13  3  1 10  0  0  1
2006 12 07   96     48      520      0    -999   B1.7   5  1  0  3  2  0  0
2006 12 08   96     32      470      0    -999   A9.7   0  0  0  0  0  0  0
2006 12 09   92     13      380      0    -999   A6.5   1  0  0  1  0  0  0
2006 12 10   90     23      440      0    -999   A5.7   0  0  0  2  0  0  0
2006 12 11   92     28      480      0    -999   A6.6   3  0  0  4  1  0  0
2006 12 12  102     27      680      0    -999   A9.8   0  0  0  4  0  1  0
2006 12 13   94     21      670      0    -999   B1.8   2  0  1  6  0  1  0
2006 12 14   93     23      620      0    -999   B1.2   2  0  1  6  0  0  0
2006 12 15   87     19      550      0    -999   A9.2   0  0  0  3  0  0  0
2006 12 16   82     20      480      0    -999   A5.9   0  0  0  3  0  0  0
2006 12 17   81     11      230      0    -999   A5.8   2  0  0  0  0  0  0
2006 12 18   75      0        0      0    -999   A3.9   0  0  0  0  0  0  0
2006 12 19   73      0        0      0    -999   A0.0   0  0  0  0  0  0  0
2006 12 20   72      0        0      0    -999   A0.0   0  0  0  0  0  0  0
2006 12 21   72      0        0      0    -999   A0.0   0  0  0  0  0  0  0
2006 12 22   73      0        0      0    -999   A0.0   0  0  0  0  0  0  0
2006 12 23   73      0        0      0    -999   A0.0   0  0  0  0  0  0  0
2006 12 24   74      0        0      0    -999   A0.0   0  0  0  0  0  0  0
2006 12 25   76     31       30      2    -999   A0.0   0  0  0  1  0  0  0
2006 12 26   75     25       30      0    -999   A0.0   0  0  0  0  0  0  0
2006 12 27   73     23       20      0    -999   A0.0   0  0  0  0  0  0  0
2006 12 28   76      0        0      0    -999   A1.8   0  0  0  0  0  0  0
2006 12 29   78      0        0      0    -999   A2.2   0  0  0  0  0  0  0
2006 12 30   80     11       60      1    -999   A4.9   0  0  0  0  0  0  0
2006 12 31   83     28      260      1    -999   A4.8   1  0  0  1  0  0  0
