:Product: Daily Solar Data         2003_DSD.txt
#
#  Prepared by the U.S. Dept. of Commerce, NOAA, Space Environment Center.
#  Please send comments and suggestions to sec.webmaster@noaa.gov
#
#                           2003 Daily Solar Data
#
#                         Sunspot       Stanford GOES8
#           Radio  SESC     Area          Solar  X-Ray  ------ Flares ------
#           Flux  Sunspot  10E-6   New     Mean  Bkgd    X-Ray      Optical
#  Date     10.7cm Number  Hemis. Regions Field  Flux   C  M  X  S  1  2  3
#---------------------------------------------------------------------------
2003 01 01  115     47      120      0    -999   B1.7   0  0  0  1  0  0  0
2003 01 02  118     74      160      2    -999   B1.8   1  0  0  1  0  0  0
2003 01 03  138    108      330      3    -999   B3.3   7  0  0 16  0  0  0
2003 01 04  143    117      640      0    -999   B4.4   5  0  0 12  0  0  0
2003 01 05  148    128      660      0    -999   B4.6   3  0  0  7  0  0  0
2003 01 06  162    141      520      2    -999   B7.4   5  0  0  2  0  0  0
2003 01 07  163    199      850      4    -999   B9.3   5  2  0  7  1  0  0
2003 01 08  174    198     1270      0    -999   B9.4   8  0  0 12  1  0  0
2003 01 09  183    206     1300      1    -999   C1.1   8  1  0 19  2  0  0
2003 01 10  185    199     1160      2    -999   B7.6   2  0  0  2  0  0  0
2003 01 11  189    238     1490      0    -999   B8.7  11  0  0 12  0  0  0
2003 01 12  173    232     1210      2    -999   B7.1   5  0  0  2  0  0  0
2003 01 13  172    182      900      1    -999   B7.1   7  0  0  5  0  0  0
2003 01 14  164    176      930      2    -999   B6.2   9  0  0  0  0  0  0
2003 01 15  150    173      810      1    -999   B4.6   1  0  0  1  0  0  0
2003 01 16  145    135      690      0    -999   B4.1   3  0  0  0  2  0  0
2003 01 17  142    150      630      0    -999   B3.6   1  0  0  1  0  0  0
2003 01 18  137    148      600      0    -999   B3.5   0  0  0  0  0  0  0
2003 01 19  130    168      710      3    -999   B3.5   0  0  0  1  0  0  0
2003 01 20  138    184      690      4    -999   B4.2   5  0  0  5  0  0  0
2003 01 21  134    167      770      2    -999   B5.4   7  1  0  5  0  0  0
2003 01 22  130    152      600      0    -999   B3.4   2  1  0  3  1  0  0
2003 01 23  136    123      650      0    -999   B4.2   2  2  0  9  2  0  0
2003 01 24  130    129      770      0    -999   B4.4   3  1  0  3  2  0  0
2003 01 25  129    103      470      0    -999   B3.2   4  0  0  1  0  0  0
2003 01 26  125    133      510      3    -999   B2.6   1  0  0  1  0  0  0
2003 01 27  121    134      380      1    -999   B2.0   1  0  0  3  0  0  0
2003 01 28  126    133      490      1    -999   B2.0   1  0  0  1  0  0  0
2003 01 29  124    173      680      1    -999   B2.5   2  0  0  2  0  0  0
2003 01 30  121    105      470      0    -999   B1.9   0  0  0  0  1  0  0
2003 01 31  120     96      410      0    -999   B2.8   3  0  0  0  0  0  0
2003 02 01  126     75      460      1    -999   B4.5   8  1  0  3  0  0  0
2003 02 02  127     61      430      0    -999   B4.2   7  0  0  5  0  0  0
2003 02 03  133     69      450      0    -999   B3.9   1  0  0  0  0  0  0
2003 02 04  135     77      470      2    -999   B3.9   2  0  0  1  0  0  0
2003 02 05  140     89      430      1    -999   B4.0   2  0  0  3  0  0  0
2003 02 06  150    135      510      2    -999   B5.9   4  1  0 16  1  0  0
2003 02 07  147    153      490      2    -999   B3.8   1  0  0  2  0  0  0
2003 02 08  139    162      470      2    -999   B3.1   1  0  0  0  0  0  0
2003 02 09  141    194      430      1    -999   B3.2   0  0  0  2  0  0  0
2003 02 10  136    163      290      0    -999   B3.1   2  0  0  0  0  0  0
2003 02 11  135    134      250      0    -999   B3.1   1  0  0  2  0  0  0
2003 02 12  132    119      260      0    -999   B2.9   4  0  0  4  1  0  0
2003 02 13  131    113      250      0    -999   B2.7   2  0  0  4  0  0  0
2003 02 14  131    113      270      1    -999   B4.1   9  1  0  2  1  0  0
2003 02 15  124     96      210      1    -999   B4.7   4  0  0  1  0  0  0
2003 02 16  119     41      100      0    -999   B2.8   3  0  0  0  0  0  0
2003 02 17  112     16       50      0    -999   B2.3   2  0  0  0  0  0  0
2003 02 18  110     51       60      2    -999   B1.4   0  0  0  0  0  0  0
2003 02 19  116     57      240      0    -999   B1.9   2  0  0  7  0  0  0
2003 02 20  118     66      590      0    -999   B2.8   2  0  0  2  0  0  0
2003 02 21  120     87      520      1    -999   B4.5  10  0  0  3  0  0  0
2003 02 22  107     53      400      0    -999   B2.2   7  0  0  5  0  0  0
2003 02 23  104     41      380      0    -999   B1.0   0  0  0  0  0  0  0
2003 02 24  102     44      270      0    -999   A8.0   1  0  0  1  0  0  0
2003 02 25  102     48      210      1    -999   A9.4   0  0  0  2  0  0  0
2003 02 26  109     45      220      0    -999   B2.2   0  0  0  1  0  0  0
2003 02 27  118     82      250      3    -999   B4.1   2  0  0  0  0  0  0
2003 02 28  125     77      510      1    -999   B4.5   5  0  0  2  0  0  0
2003 03 01  138     73      850      1    -999   B5.1   7  0  0  2  0  0  0
2003 03 02  147     67      840      0    -999   B5.3   5  0  0  5  0  0  0
2003 03 03  149    136      900      3    -999   B3.7   1  0  0  0  0  0  0
2003 03 04  146    160      950      2    -999   B3.7   0  0  0  0  0  0  0
2003 03 05  149    138      790      0    -999   B3.4   0  0  0  2  0  0  0
2003 03 06  150    132      660      0    -999   B4.1   0  0  0  0  0  0  0
2003 03 07  150    191      960      4    -999   B3.8   0  0  0  0  0  0  0
2003 03 08  148    203     1220      2    -999   B3.7   2  0  0  2  0  0  0
2003 03 09  153    224     1410      3    -999   B3.8   5  0  0  6  0  0  0
2003 03 10  144    214     1240      1    -999   B3.3   2  0  0  2  0  0  0
2003 03 11  142    142     1080      0    -999   B2.9   1  0  0  1  0  0  0
2003 03 12  138    109      990      0    -999   B2.6   0  0  0  1  0  0  0
2003 03 13  134     88      770      1    -999   B2.6   1  0  0  4  0  0  0
2003 03 14  139    114      840      1    -999   B2.5   1  0  0  0  0  0  0
2003 03 15  131    124     1010      1    -999   B2.5   3  0  0  1  0  0  0
2003 03 16  129    121     1140      0    -999   B3.5   3  0  0  2  0  0  0
2003 03 17  125     80     1080      0    -999   B3.0   6  0  1  2  1  0  0
2003 03 18  118     64     1010      1    -999   B4.2  10  2  1  5  4  1  0
2003 03 19  108     53      650      0    -999   B3.6  16  4  0  6  2  2  0
2003 03 20   97     45      400      1    -999   B2.1   1  1  0  1  1  0  0
2003 03 21   91     40      200      0    -999   B1.6   2  0  0  0  0  0  0
2003 03 22   89     40       70      1    -999   B1.4   3  0  0  0  0  0  0
2003 03 23   93     43      110      1    -999   B1.3   2  0  0  0  0  0  0
2003 03 24   98     64      190      2    -999   B1.6   2  0  0  0  0  0  0
2003 03 25  109     89      480      2    -999   B1.7   0  0  0  5  0  0  0
2003 03 26  127    116      640      0    -999   B3.3   2  0  0  3  0  0  0
2003 03 27  141    156     1030      2    -999   B4.2   8  0  0  0  0  0  0
2003 03 28  147    189     1280      1    -999   B3.4   0  0  0  0  0  0  0
2003 03 29  155    155     1120      0    -999   B4.3   9  0  0  6  1  0  0
2003 03 30  155    176     1270      0    -999   B3.8   3  0  0  1  0  0  0
2003 03 31  160    165     1040      2    -999   B3.8   3  0  0  2  0  0  0
2003 04 01  153    161     1050      0    -999   B4.0   2  0  0  2  0  0  0
2003 04 02  158    189     1150      0    -999   B5.1   6  0  0  4  0  0  0
2003 04 03  156    154     1160      2    -999   B6.4   9  0  0  5  1  0  0
2003 04 04  153    148     1320      0    -999   B8.4  12  1  0 16  1  0  0
2003 04 05  137     94     1110      1    -999   B5.0   8  0  0  2  0  0  0
2003 04 06  126     75      800      0    -999   B3.3   2  0  0  1  0  0  0
2003 04 07  116     77      730      1    -999   B2.6   2  0  0  0  0  0  0
2003 04 08  112     52      700      0    -999   B2.0   0  0  0  1  0  0  0
2003 04 09  109     88      660      1    -999   B2.1   5  1  0  2  1  0  0
2003 04 10  103     66      520      1    -999   B1.4   0  0  0  0  0  0  1
2003 04 11  103     49      480      0    -999   B1.3   2  0  0  0  0  0  0
2003 04 12  102     60      460      0    -999   B1.2   0  0  0  0  0  0  0
2003 04 13  102     61      490      1    -999   B1.2   1  0  0  1  0  0  0
2003 04 14  102     63      430      0    -999   B1.2   1  0  0  1  0  0  0
2003 04 15  101     54      320      0    -999   B1.1   0  0  0  0  0  0  0
2003 04 16   99     40       80      0    -999   B1.2   0  0  0  0  0  0  0
2003 04 17  101     37      170      1    -999   B1.6   1  0  0  0  0  0  0
2003 04 18  108     51      420      1    -999   B2.1   0  1  0  0  0  0  0
2003 04 19  112     69      440      1    -999   B2.1   0  0  0  1  0  0  0
2003 04 20  119     93      600      1    -999   B2.3   1  0  0  3  0  0  0
2003 04 21  126    154      640      2    -999   B3.0   3  1  0  6  1  0  0
2003 04 22  132    147      570      1    -999   B4.7   5  0  0  3  0  0  0
2003 04 23  133    152      670      1    -999   B4.9   5  2  0  1  2  0  0
2003 04 24  128    171      690      3    -999   B4.1   9  1  0  4  1  0  0
2003 04 25  144    173      950      0    -999   B6.3  10  1  0  6  0  0  0
2003 04 26  144    193     1270      3    -999   B5.3   8  4  0  9  1  0  0
2003 04 27  154    200     1370      0    -999   B7.1  10  1  0  5  0  1  0
2003 04 28  152    175     1460      0    -999   B5.7   7  0  0  2  0  0  0
2003 04 29  155    224     1640      0    -999   B5.8  13  1  0  4  1  0  0
2003 04 30  154    160     1390      2    -999   B4.3   2  0  0  1  0  0  0
2003 05 01  149    171     1710      1    -999   B5.2  14  0  0  7  0  0  0
2003 05 02  144    175     1750      0    -999   B3.6   3  1  0  6  0  0  0
2003 05 03  148    134     1440      0    -999   B5.4   2  0  0  2  0  0  0
2003 05 04  142    172     1850      2    -999   B5.8   4  0  0  6  0  0  0
2003 05 05  129    144     1400      1    -999   B5.1   4  0  0  3  0  0  0
2003 05 06  129    117     1480      0    -999   B5.4   7  0  0  1  0  0  0
2003 05 07  110    109     1160      0    -999   B6.0   9  0  0  2  0  0  0
2003 05 08  101     33      300      0    -999   B5.3   3  0  0  0  0  0  0
2003 05 09   97     23      320      1    -999   B2.7   1  0  0  0  0  0  0
2003 05 10   93     22      180      0    -999   B1.2   0  0  0  0  0  0  0
2003 05 11   92     47      250      1    -999   A8.2   0  0  0  0  0  0  0
2003 05 12   94     66      310      2    -999   A7.4   0  0  0  0  0  0  0
2003 05 13   96     59      190      0    -999   A9.7   0  0  0  0  0  0  0
2003 05 14   96     75      210      1    -999   B1.0   0  0  0  0  0  0  0
2003 05 15   99     97      290      2    -999   B1.3   0  0  0  0  0  0  0
2003 05 16  103     97      400      0    -999   B1.5   0  0  0  1  0  0  0
2003 05 17  102     81      290      0    -999   B1.6   0  0  0  1  0  0  0
2003 05 18  109     79      180      1    -999   B1.7   0  0  0  1  0  0  0
2003 05 19  115     75      190      1    -999   B2.0   0  0  0  1  0  0  0
2003 05 20  124     77      370      1    -999   B2.4   4  0  0  3  0  0  0
2003 05 21  119     79      300      0    -999   B2.6   1  0  0  0  0  0  0
2003 05 22  118    110      500      3    -999   B2.7   4  0  0  2  0  0  0
2003 05 23  118     87      330      2    -999   B2.5   0  0  0  1  0  0  0
2003 05 24  117     84      320      0    -999   B2.7   0  0  0  0  0  0  0
2003 05 25  121     51      360      0    -999   B2.5   1  0  0  6  0  0  0
2003 05 26  125     65      400      0    -999   B3.5   4  2  0  1  2  0  0
2003 05 27  129    116      680      3    -999   B4.3   3  2  1  4  2  2  0
2003 05 28  130    116     1130      1    -999   B5.9  16  0  1 17  1  0  0
2003 05 29  138     98     1150      0    -999   B3.0   1  2  1  1  2  1  0
2003 05 30  117     62      940      0    -999   B3.3   4  0  0  8  1  0  0
2003 05 31  113     57      670      0    -999   B4.5   4  1  0  4  0  1  0
2003 06 01  112     66      720      1    -999   B6.8   7  5  0  3  0  0  0
2003 06 02  121     61      570      1    -999   C1.1   3  4  0 18  1  0  0
2003 06 03  115     54      580      0    -999   B3.8   5  0  0  3  0  0  0
2003 06 04  106     74      600      1    -999   B2.4   1  0  0  0  0  0  0
2003 06 05  114     95      590      1    -999   B3.6   3  0  0  2  0  0  0
2003 06 06  126     98      760      1    -999   B5.7  10  1  0  5  2  0  0
2003 06 07  133    125     1200      1    -999   B6.2  10  0  0  4  0  0  0
2003 06 08  153    167     1630      0    -999   B7.9  14  1  0 17  1  1  0
2003 06 09  158    176     1770      1    -999   C1.8  13  2  1 15  1  0  0
2003 06 10  177    207     1950      1    -999   C2.1   2  9  1 17  4  3  0
2003 06 11  193    178     2160      1    -999   C3.3   2  8  1 19  4  0  0
2003 06 12  164    168     2110      1    -999   C1.8  11  4  0 25  2  0  0
2003 06 13  151    149     1400      0    -999   C2.1   3  3  0 12  0  0  0
2003 06 14  134     91      460      0    -999   C1.2   4  1  0  2  0  0  0
2003 06 15  129    111      480      1    -999   B5.8   7  0  1  3  0  0  0
2003 06 16  123     91      460      1    -999   B3.6   1  2  0  4  0  0  0
2003 06 17  122     80      520      0    -999   B2.8   4  1  0  4  1  0  0
2003 06 18  120     99      610      1    -999   B3.2   0  0  0  6  0  0  0
2003 06 19  123    108      540      1    -999   B2.9   0  0  0  0  0  0  0
2003 06 20  117    121      590      1    -999   B3.0   3  0  0  2  0  0  0
2003 06 21  115    118      530      0    -999   B2.6   4  0  0  3  0  0  0
2003 06 22  110     94      570      1    -999   B1.7   2  0  0  2  0  0  0
2003 06 23  114    104      540      1    -999   B1.9   0  0  0  2  0  0  0
2003 06 24  115    131      570      2    -999   B2.9   4  0  0  7  0  0  0
2003 06 25  116    115      680      0    -999   B2.4   2  0  0  1  0  0  0
2003 06 26  119    122      590      2    -999   B3.7   3  0  0  0  0  0  0
2003 06 27  124    128      670      2    -999   B3.8   5  0  0  0  0  0  0
2003 06 28  124    151     1120      0    -999   B4.1   3  0  0  0  0  0  0
2003 06 29  127    112     1200      0    -999   B3.7   4  0  0  3  0  0  0
2003 06 30  128    159     1260      2    -999   B4.5   6  0  0  6  1  0  0
2003 07 01  131    138     1130      1    -999   B3.8   4  0  0  1  0  0  0
2003 07 02  135    153      880      0    -999   B4.5   3  1  0  3  1  0  0
2003 07 03  132    147      840      0    -999   B4.4   5  0  0 11  0  0  0
2003 07 04  140    130     1080      0    -999   B5.1  11  0  0  7  1  0  0
2003 07 05  142     88     1180      0    -999   B4.6   8  0  0  5  0  0  0
2003 07 06  130    114     1250      1    -999   B3.7   5  1  0  8  0  0  0
2003 07 07  133    140     1180      3    -999   B3.2   1  0  0  1  0  0  0
2003 07 08  131    149     1330      0    -999   B4.6   7  0  0  9  1  0  0
2003 07 09  126    125      730      0    -999   B6.7   7  1  0  7  0  0  0
2003 07 10  123    137      680      0    -999   B5.9   8  1  0  4  0  0  0
2003 07 11  122    127      540      3    -999   B5.6   4  0  0  1  0  0  0
2003 07 12  122    102      430      0    -999   B5.9   9  1  0  3  0  0  0
2003 07 13  127    137      630      3    -999   B3.8   7  0  0  5  0  0  0
2003 07 14  127    159      690      0    -999   B3.2   2  0  0  4  0  0  0
2003 07 15  126    154      900      1    -999   B2.6   4  0  0  0  0  0  0
2003 07 16  133    164      610      2    -999   B2.8   4  0  0  3  0  0  0
2003 07 17  139    189      630      1    -999   B3.9  10  0  0  5  2  0  0
2003 07 18  140    193      720      0    -999   B4.2   8  0  0 12  0  0  0
2003 07 19  146    178      780      1    -999   B5.4  13  0  0  7  1  0  0
2003 07 20  157    224     1470      3    -999   B8.9  21  0  0 17  0  0  0
2003 07 21  156    219     1420      0    -999   B6.6  16  0  0 12  0  0  0
2003 07 22  153    200     1700      0    -999   B7.2  10  0  0 10  1  0  0
2003 07 23  144    164     1420      1    -999   B5.3   8  0  0  6  1  0  0
2003 07 24  125    134     1030      1    -999   B5.1   4  0  0  0  0  0  0
2003 07 25  112     94      340      0    -999   B4.0   1  0  0  0  0  0  0
2003 07 26  103     52      260      0    -999   B2.8   0  0  0  0  0  0  0
2003 07 27  102     60      230      1    -999   B1.9   0  0  0  1  0  0  0
2003 07 28  103     56      620      1    -999   B2.2   2  0  0  3  0  0  0
2003 07 29  100     63      650      0    -999   B1.6   3  1  0  2  1  0  0
2003 07 30   99     63      450      0    -999   B1.6   1  1  0  0  1  0  0
2003 07 31  102     65      430      1    -999   B1.8   1  0  0  1  0  0  0
2003 08 01  107     85      490      1    -999   B2.9   9  0  0  0  0  0  0
2003 08 02  111     95      710      2    -999   B3.3   5  1  0 11  2  0  0
2003 08 03  120    144     1060      1    -999   B2.6   6  0  0 11  1  0  0
2003 08 04  123    138     1320      1    -999   B2.6   0  0  0  0  0  0  0
2003 08 05  131    136     1270      1    -999   B3.6   2  1  0  3  0  0  0
2003 08 06  129    155     1270      0    -999   B2.7   1  0  0  0  0  0  0
2003 08 07  137    121     1080      1    -999   B3.6   2  0  0  1  0  0  0
2003 08 08  133    111     1150      0    -999   B3.4   2  0  0  1  0  0  0
2003 08 09  130    107     1120      1    -999   B3.3   0  0  0  1  0  0  0
2003 08 10  131    112      980      0    -999   B3.2   3  0  0  2  0  0  0
2003 08 11  129    118      760      0    -999   B3.2   0  0  0  0  0  0  0
2003 08 12  123    114      640      0    -999   B2.7   4  0  0  3  0  0  0
2003 08 13  131    112      800      1    -999   B6.0   7  0  0  5  0  0  0
2003 08 14  130    108      660      1    -999   C1.0   4  0  0  2  0  0  0
2003 08 15  131     86      540      1    -999   B6.8   9  0  0  5  0  0  0
2003 08 16  127     92      470      1    -999   B4.0   4  0  0  1  0  0  0
2003 08 17  119    113      540      1    -999   B3.7   2  0  0  2  0  0  0
2003 08 18  116    104      390      0    -999   B3.3   4  0  0  3  0  0  0
2003 08 19  117     77      370      1    -999   B3.3   5  2  0  1  1  1  0
2003 08 20  112     62      230      0    -999   B2.8   0  0  0  0  0  0  0
2003 08 21  119     86      280      4    -999   B3.5   2  0  0  0  0  0  0
2003 08 22  121    126      510      2    -999   B3.7   1  0  0  1  0  0  0
2003 08 23  120    125      610      1    -999   B2.3   0  0  0  2  0  0  0
2003 08 24  116    132      550      0    -999   B2.4   2  0  0  0  1  0  0
2003 08 25  117    146      500      1    -999   B2.5   1  0  0  0  1  0  0
2003 08 26  121    124      440      0    -999   B3.1   1  0  0  0  1  0  0
2003 08 27  126    116      410      1    -999   B3.8   4  0  0  3  0  0  0
2003 08 28  119    146      470      3    -999   B3.4   3  0  0  3  0  0  0
2003 08 29  116    132      520      3    -999   B2.8   1  0  0  0  0  0  0
2003 08 30  114    120      480      0    -999   B2.8   2  0  0  2  0  0  0
2003 08 31  110    101      390      0    -999   B2.4   1  0  0  1  0  0  0
2003 09 01  108     59      220      0    -999   B2.2   0  0  0  0  0  0  0
2003 09 02  106     90      280      0    -999   B2.1   0  0  0  0  0  0  0
2003 09 03  111     74      320      0    -999   B3.0   0  0  0  1  0  0  0
2003 09 04  112     79      260      2    -999   B3.2   1  0  0  0  0  0  0
2003 09 05  108     57      290      0    -999   B3.1   1  0  0  0  0  0  0
2003 09 06  105     60      290      1    -999   B2.1   0  0  0  0  0  0  0
2003 09 07  108     54      210      0    -999   B2.2   1  0  0  1  0  0  0
2003 09 08   99     58      150      1    -999   B2.3   0  0  0  0  0  0  0
2003 09 09   96     43       60      1    -999   B1.6   0  0  0  0  0  0  0
2003 09 10   99     42      160      0    -999   B1.7   0  0  0  1  0  0  0
2003 09 11   97     55      210      0    -999   B1.8   2  0  0  0  0  0  0
2003 09 12   94     58      230      0    -999   B1.5   0  0  0  1  0  0  0
2003 09 13   96     57      270      1    -999   B1.9   1  0  0  2  0  0  0
2003 09 14   95     58      210      1    -999   B1.4   2  0  0  2  0  0  0
2003 09 15   97     68      200      1    -999   B3.1   6  0  0  0  1  0  0
2003 09 16   99     89      160      2    -999   B4.0   4  1  0  0  0  0  0
2003 09 17  106     83      350      1    -999   B3.0   2  0  0  1  0  0  0
2003 09 18  109     92      470      0    -999   B2.7   2  0  0  0  0  0  0
2003 09 19  111     71      420      0    -999   B4.1   1  0  0  0  0  0  0
2003 09 20  112     72      590      1    -999   B5.4   7  0  0  0  0  0  0
2003 09 21  120     64      620      0    -999   B4.2   4  0  0  0  0  0  0
2003 09 22  123     91      740      2    -999   B2.6   0  0  0  0  0  0  0
2003 09 23  125    133      860      2    -999   B3.0   1  0  0  2  0  0  0
2003 09 24  134    121      750      0    -999   B3.9  12  0  0 12  1  0  0
2003 09 25  133    122      780      0    -999   B2.9   2  0  0  0  0  0  0
2003 09 26  131    127      730      0    -999   B3.4   2  0  0  2  0  0  0
2003 09 27  130    137      730      1    -999   B3.1   2  0  0  3  0  0  0
2003 09 28  137    139      710      0    -999   B4.0   3  0  0  3  0  0  0
2003 09 29  135    108      650      1    -999   B4.8   7  0  0  2  1  0  0
2003 09 30  133    116      850      1    -999   B6.6  10  0  0  5  1  0  0
2003 10 01  137    126      960      1    -999   B5.0   4  1  0  3  1  0  0
2003 10 02  125     75      830      0    -999   B4.4   4  0  0  3  1  0  0
2003 10 03  120    104      520      1    -999   B4.0   6  0  0  2  0  0  0
2003 10 04  119     89      390      1    -999   B3.5   6  1  0  1  0  0  0
2003 10 05  110    101      330      1    -999   B2.2   6  0  0  3  0  0  0
2003 10 06  112     93      380      2    -999   B1.8   0  0  0  0  0  0  0
2003 10 07  112     76      370      0    -999   B2.6   2  0  0  1  0  0  0
2003 10 08  113     69      410      0    -999   B2.0   1  0  0  0  0  0  0
2003 10 09  111     68      280      1    -999   B1.9   1  0  0  2  0  0  0
2003 10 10  112     79      250      1    -999   B2.0   0  0  0  0  0  0  0
2003 10 11  106     77      280      0    -999   B2.1   0  0  0  0  0  0  0
2003 10 12   98     35      130      0    -999   B1.8   0  0  0  0  0  0  0
2003 10 13   94     25       40      0    -999   B1.7   0  0  0  0  0  0  0
2003 10 14   92     24       20      0    -999   B1.0   0  0  0  0  0  0  0
2003 10 15   96     29       40      1    -999   B1.1   0  0  0  1  0  0  0
2003 10 16   95     28       90      0    -999   B1.5   0  0  0  1  0  0  0
2003 10 17   99     66      150      2    -999   B1.4   0  0  0  0  0  0  0
2003 10 18  109     91      370      2    -999   B2.4   9  0  0  8  2  0  0
2003 10 19  120     89     1110      0    -999   B5.6   3  2  1  9  2  0  0
2003 10 20  135    113     1500      0    -999   B6.5   8  1  0  7  0  0  0
2003 10 21  152    144     1850      1    -999   C1.4   5  2  0  8  0  0  0
2003 10 22  154    117     1950      1    -999   C4.9   0  7  0 18  0  0  0
2003 10 23  183    122     2930      0    -999   C3.0   0  3  2  7  3  0  0
2003 10 24  191    160     3000      0    -999   C1.6   7  4  0  9  3  0  0
2003 10 25  222    139     4060      1    -999   C1.6  11  3  0  8  1  1  0
2003 10 26  298    191     3770      0    -999   C2.2   1  2  2  7  1  1  1
2003 10 27  257    238     4270      5    -999   C3.6   8  5  0 31  1  1  0
2003 10 28  274    230     4520      1    -999   C3.2   5  0  1 31  4  1  0
2003 10 29  279    330     5160      0    -999   C3.3   4  2  1 16  2  1  0
2003 10 30  271    293     5690      2    -999   C2.8   6  2  0  2  2  0  0
2003 10 31  249    266     4420      1    -999   C1.8   7  2  0 12  0  0  0
2003 11 01  210    277     4170      0    -999   C1.8   9  3  0 10  1  0  0
2003 11 02  190    174     4050      0    -999   C1.9   1  2  1  9  0  1  0
2003 11 03  167     76     2830      0    -999   C3.2   3  1  2  6  0  3  0
2003 11 04  168     79     1100      1    -999   C2.3   3  3  1  1  0  0  1
2003 11 05  114     32      130      0    -999   C1.2   2  2  0  2  0  0  0
2003 11 06   98     12      100      0    -999   B2.5   0  0  0  0  0  0  0
2003 11 07   91     11      120      0    -999   B1.6   0  0  0  0  0  0  0
2003 11 08   93     29       50      2    -999   B1.0   0  0  0  0  0  0  0
2003 11 09   93     47      100      1    -999   A9.7   0  0  0  0  0  0  0
2003 11 10   95     47      210      0    -999   B1.0   2  0  0  2  0  0  0
2003 11 11   96     43      280      0    -999   B1.8   1  1  0  1  0  0  0
2003 11 12   99     39      220      0    -999   B2.2   4  0  0  0  0  0  0
2003 11 13  102     25      450      1    -999   B3.2   2  2  0  0  0  0  0
2003 11 14   99     34      350      1    -999   B2.2   4  0  0  0  0  0  0
2003 11 15   98     52      360      1    -999   B1.9   3  0  0  1  0  0  0
2003 11 16  104     54      390      1    -999   B2.9   6  0  0  3  0  0  0
2003 11 17  121     72      400      1    -999   B7.2   6  2  0  0  1  0  0
2003 11 18  144     90      900      2    -999   C1.1   4  4  0  3  0  1  0
2003 11 19  155    114     2140      1    -999   B8.4   8  1  0  1  2  0  0
2003 11 20  175    118     2010      0    -999   B7.3   9  3  0  3  1  2  0
2003 11 21  177    131     1700      0    -999   B6.1   5  0  0  3  0  0  0
2003 11 22  176    123     1660      0    -999   B6.2   6  0  0  3  0  0  0
2003 11 23  178    158     1570      0    -999   B5.9   7  0  0  4  0  0  0
2003 11 24  177    149     1520      2    -999   B5.5   6  0  0  2  0  0  0
2003 11 25  171    202     1320      2    -999   B6.4   4  0  0  1  0  0  0
2003 11 26  171    209     1320      1    -999   B6.0   2  0  0  2  0  0  0
2003 11 27  175    154      980      1    -999   B7.0   6  0  0  5  0  0  0
2003 11 28  168    185     1500      2    -999   B6.4   3  0  0  1  0  0  0
2003 11 29  166    177     1160      0    -999   B6.8   8  0  0  2  1  0  0
2003 11 30  153    178     1070      1    -999   B5.9   4  0  0  0  0  0  0
2003 12 01  143    159      850      0    -999   B5.8   3  0  0  0  0  0  0
2003 12 02  139    119      590      0    -999   B8.1   6  2  0  1  0  0  0
2003 12 03  124    100      470      1    -999   B4.1   4  0  0  0  0  0  0
2003 12 04  116    115      580      1    -999   B3.2   1  0  0  1  0  0  0
2003 12 05  112     88      500      0    -999   B3.1   4  0  0  1  0  0  0
2003 12 06  109     87      400      0    -999   B4.7  10  2  0  0  0  0  0
2003 12 07   92     53      310      0    -999   B2.1   2  0  0  0  0  0  0
2003 12 08   94     49      270      0    -999   B1.2   0  0  0  0  0  0  0
2003 12 09   92     23      110      0    -999   B1.0   0  0  0  0  0  0  0
2003 12 10   89     46      310      2    -999   A8.7   0  0  0  0  0  0  0
2003 12 11   86     35      270      0    -999   A7.7   0  0  0  0  0  0  0
2003 12 12   87     36      220      0    -999   A7.4   0  0  0  0  0  0  0
2003 12 13   88     40      210      1    -999   A9.7   0  0  0  0  0  0  0
2003 12 14   92     48      220      0    -999   B1.3   2  0  0  0  0  0  0
2003 12 15  101     42      150      0    -999   B2.0   0  0  0  0  0  0  0
2003 12 16  106     71      340      3    -999   B2.4   1  0  0  0  0  0  0
2003 12 17  118     92      330      2    -999   B3.8   4  0  0  1  0  0  0
2003 12 18  123    114      510      1    -999   B5.2  16  0  0  4  0  0  0
2003 12 19  123    113      650      0    -999   B4.6   9  0  0  7  0  0  0
2003 12 20  130    104      630      1    -999   B4.1   4  0  0  2  0  0  0
2003 12 21  133    105      630      1    -999   B4.0   5  0  0  3  0  0  0
2003 12 22  138    152      630      1    -999   B3.8   9  0  0  4  0  0  0
2003 12 23  142    144      710      0    -999   B4.6   6  0  0  4  0  0  0
2003 12 24  139    100      730      0    -999   B3.8   4  0  0  2  0  0  0
2003 12 25  139     58      780      1    -999   B4.5   6  0  0  9  0  0  0
2003 12 26  137     65      740      0    -999   B3.5   4  1  0  1  2  0  0
2003 12 27  127     47      680      0    -999   B2.8   0  0  0  0  0  0  0
2003 12 28  119     47      560      1    -999   B2.5   0  0  0  0  0  0  0
2003 12 29  115     56      470      0    -999   B2.7   0  0  0  0  0  0  0
2003 12 30  108     15      100      0    -999   B2.8   1  0  0  0  0  0  0
2003 12 31  106     25      130      1    -999   B3.9   4  1  0  0  0  0  0
