Product: Daily Solar Data         2008_DSD.txt
:Issued: 1800 UT 07 Jan 2009
#
#  Prepared by the U.S. Dept. of Commerce, NOAA, Space Weather Prediction Center
#  Please send comments and suggestions to SWPC.Webmaster@noaa.gov
#
#                            2008 Daily Solar Data
#
#                         Sunspot       Stanford GOES10
#           Radio  SESC     Area          Solar  X-Ray  ------ Flares ------
#           Flux  Sunspot  10E-6   New     Mean  Bkgd    X-Ray      Optical
#  Date     10.7cm Number  Hemis. Regions Field  Flux   C  M  X  S  1  2  3
#--------------------------------------------------------------------------- 
2008 01 01   79     11       30      0    -999   A0.0   1  0  0  1  0  0  0
2008 01 02   80     13       30      0    -999   A0.0	1  0  0  0  0  0  0
2008 01 03   79     13       20      0    -999   A0.0	0  0  0  0  0  0  0
2008 01 04   79     26       30      1    -999   A0.0	0  0  0  0  0  0  0
2008 01 05   80     12       20      0    -999   A0.0	0  0  0  0  0  0  0
2008 01 06   79     12       20      0    -999   A0.0	0  0  0  0  0  0  0
2008 01 07   78     14       20      0    -999   A0.0	1  0  0  1  0  0  0
2008 01 08   76     16       20      0    -999   A0.0   0  0  0  0  0  0  0
2008 01 09   77      0        0      0    -999   A0.0	0  0  0  0  0  0  0
2008 01 10   76      0        0      0    -999   A0.0	0  0  0  0  0  0  0
2008 01 11   76      0        0      0    -999   A0.0	0  0  0  0  0  0  0
2008 01 12   76      0        0      0    -999   A0.0	0  0  0  0  0  0  0
2008 01 13   75      0        0      0    -999   A0.0	0  0  0  0  0  0  0
2008 01 14   75      0        0      0    -999   A0.0	0  0  0  0  0  0  0
2008 01 15   74      0        0      0    -999   A0.0	0  0  0  0  0  0  0
2008 01 16   73      0        0      0    -999   A0.0	0  0  0  0  0  0  0
2008 01 17   74      0        0      0    -999   A0.0	0  0  0  0  0  0  0
2008 01 18   71      0        0      0    -999   A0.0	0  0  0  0  0  0  0
2008 01 19   71      0        0      0    -999   A0.0	0  0  0  0  0  0  0
2008 01 20   70      0        0      0    -999   A0.0	0  0  0  0  0  0  0
2008 01 21   72      0        0      0    -999   A0.0	0  0  0  0  0  0  0
2008 01 22   70      0        0      0    -999   A0.0	0  0  0  0  0  0  0
2008 01 23   71      0        0      0    -999   A0.0	0  0  0  0  0  0  0
2008 01 24   71      0        0      0    -999   A0.0	0  0  0  0  0  0  0
2008 01 25   71      0        0      0    -999   A0.0	0  0  0  0  0  0  0
2008 01 26   73      0        0      0    -999   A0.0	0  0  0  0  0  0  0
2008 01 27   72      0        0      0    -999   A0.0	0  0  0  0  0  0  0
2008 01 28   71      0        0      0    -999   A0.0   0  0  0  0  0  0  0
2008 01 29   72     13       20      1    -999   A0.0	0  0  0  0  0  0  0
2008 01 30   73     14       60      0    -999   A0.0	0  0  0  0  0  0  0
2008 01 31   72     15       50      0    -999   A0.0	0  0  0  0  0  0  0
2008 02 01   71     19       30      0    -999   A0.0	0  0  0  0  0  0  0
2008 02 02   71     16       20      0    -999   A0.0	0  0  0  0  0  0  0
2008 02 03   71     14       10      0    -999   A0.0	0  0  0  0  0  0  0
2008 02 04   71     14       10      0    -999   A0.0	0  0  0  0  0  0  0
2008 02 05   71      0        0      0    -999   A0.0	0  0  0  0  0  0  0
2008 02 06   72      0        0      0    -999   A0.0	0  0  0  0  0  0  0
2008 02 07   71      0        0      0    -999   A0.0	0  0  0  0  0  0  0
2008 02 08   71      0        0      0    -999   A0.0	0  0  0  0  0  0  0
2008 02 09   72      0        0      0    -999   A0.0	0  0  0  0  0  0  0
2008 02 10   73      0        0      0    -999   A0.0	0  0  0  0  0  0  0
2008 02 11   72      0        0      0    -999   A0.0   0  0  0  0  0  0  0
2008 02 12   72      0        0      0    -999   A0.0   0  0  0  0  0  0  0
2008 02 13   71      0        0      0    -999   A0.0   0  0  0  0  0  0  0
2008 02 14   71      0        0      0    -999   A0.0   0  0  0  0  0  0  0
2008 02 15   70      0        0      0    -999   A0.0   0  0  0  0  0  0  0
2008 02 16   70      0        0      0    -999   A0.0   0  0  0  0  0  0  0
2008 02 17   71      0        0      0    -999   A0.0   0  0  0  0  0  0  0
2008 02 18   71      0        0      0    -999   A0.0   0  0  0  0  0  0  0
2008 02 19   72      0        0      0    -999   A0.0   0  0  0  0  0  0  0
2008 02 20   71      0        0      0    -999   A0.0   0  0  0  0  0  0  0
2008 02 21   72      0        0      0    -999   A0.0   0  0  0  0  0  0  0
2008 02 22   72      0        0      0    -999   A0.0   0  0  0  0  0  0  0
2008 02 23   72      0        0      0    -999   A0.0   0  0  0  0  0  0  0
2008 02 24   71      0        0      0    -999   A0.0   0  0  0  0  0  0  0
2008 02 25   71     12       20      1    -999   A0.0   0  0  0  0  0  0  0
2008 02 26   71     13       30      0    -999   A0.0   0  0  0  0  0  0  0
2008 02 27   71     12       30      0    -999   A0.0   0  0  0  0  0  0  0
2008 02 28   70     12       30      0    -999   A0.0   0  0  0  0  0  0  0
2008 02 29   70      0        0      0    -999   A0.0   0  0  0  0  0  0  0
2008 03 01   69      0        0      0    -999   A0.0   0  0  0  0  0  0  0
2008 03 02   69      0        0      0    -999   A0.0   0  0  0  0  0  0  0
2008 03 03   68      0        0      0    -999   A0.0   0  0  0  0  0  0  0
2008 03 04   68      0        0      0    -999   A0.0   0  0  0  0  0  0  0
2008 03 05   69     13       20      1    -999   A0.0   0  0  0  0  0  0  0
2008 03 06   70     12       30      0    -999   A0.0   0  0  0  0  0  0  0
2008 03 07   71      0        0      0    -999   A0.0   0  0  0  0  0  0  0
2008 03 08   70      0        0      0    -999   A0.0   0  0  0  0  0  0  0
2008 03 09   70      0        0      0    -999   A0.0   0  0  0  0  0  0  0
2008 03 10   70     12       90      1    -999   A0.0   0  0  0  0  0  0  0
2008 03 11   70      0        0      0    -999   A0.0   0  0  0  3  0  0  0
2008 03 12   69      0        0      0    -999   A0.0   0  0  0  0  0  0  0
2008 03 13   70      0        0      0    -999   A0.0   0  0  0  0  0  0  0
2008 03 14   70      0        0      0    -999   A0.0   0  0  0  0  0  0  0
2008 03 15   70     12       20      1    -999   A0.0   0  0  0  0  0  0  0
2008 03 16   70     12       20      0    -999   A0.0   0  0  0  0  0  0  0
2008 03 17   70     11       10      0    -999   A0.0   0  0  0  0  0  0  0
2008 03 18   70      0        0      0    -999   A0.0   0  0  0  0  0  0  0
2008 03 19   69      0        0      0    -999   A0.0   0  0  0  0  0  0  0
2008 03 20   68      0        0      0    -999   A0.0   0  0  0  0  0  0  0
2008 03 21   68      0        0      0    -999   A0.0   0  0  0  0  0  0  0
2008 03 22   70      0        0      0    -999   A0.0   0  0  0  0  0  0  0
2008 03 23   72     14       40      1    -999   A0.0   0  0  0  1  0  0  0
2008 03 24   79     35      210      1    -999   A5.1   0  0  0  4  0  0  0
2008 03 25   89     52      380      1    -999   A8.1   0  1  0  0  1  0  0
2008 03 26   82     63      520      0    -999   A5.2   0  0  0  1  0  0  0
2008 03 27   85     57      510      0    -999   A4.2   0  0  0  1  0  0  0
2008 03 28   83     63      410      0    -999   A3.7   0  0  0  0  0  0  0
2008 03 29   83     50      390      0    -999   A4.1   0  0  0  0  0  0  0
2008 03 30   81     41      300      0    -999   A3.7   0  0  0  0  0  0  0
2008 03 31   79     45      250      0    -999   A3.3   0  0  0  1  0  0  0
2008 04 01   78     25      180      0    -999   A2.8   0  0  0  0  0  0  0
2008 04 02   76     24      220      0    -999   A2.6   0  0  0  0  0  0  0
2008 04 03   76     14       70      0    -999   A3.0   2  0  0  2  0  0  0
2008 04 04   73      0        0      0    -999   A1.4   0  0  0  1  0  0  0
2008 04 05   71      0        0      0    -999   A0.0   0  0  0  0  0  0  0
2008 04 06   69      0        0      0    -999   A0.0   0  0  0  0  0  0  0
2008 04 07   69      0        0      0    -999   A0.0   0  0  0  0  0  0  0
2008 04 08   70      0        0      0    -999   A0.0   0  0  0  0  0  0  0
2008 04 09   68      0        0      0    -999   A0.0   0  0  0  0  0  0  0
2008 04 10   68      0        0      0    -999   A0.0   0  0  0  0  0  0  0
2008 04 11   67      0        0      0    -999   A0.0   0  0  0  0  0  0  0
2008 04 12   68      0        0      0    -999   A0.0   0  0  0  0  0  0  0
2008 04 13   69      0        0      0    -999   A0.0   0  0  0  0  0  0  0
2008 04 14   69     11       10      1    -999   A0.0   0  0  0  0  0  0  0
2008 04 15   71     12       10      0    -999   A0.0   0  0  0  0  0  0  0
2008 04 16   70      0        0      0    -999   A0.0   0  0  0  0  0  0  0
2008 04 17   69      0        0      0    -999   A0.0   0  0  0  0  0  0  0
2008 04 18   70      0        0      0    -999   A0.0   0  0  0  0  0  0  0
2008 04 19   71     13       20      1    -999   A0.0   0  0  0  0  0  0  0
2008 04 20   71     12       20      0    -999   A0.0   0  0  0  0  0  0  0
2008 04 21   71      0        0      0    -999   A0.0   0  0  0  0  0  0  0
2008 04 22   71     13       40      1    -999   A0.0   0  0  0  0  0  0  0
2008 04 23   71     13       40      0    -999   A0.0   0  0  0  0  0  0  0
2008 04 24   70     11       10      0    -999   A0.0   0  0  0  0  0  0  0
2008 04 25   70      0        0      0    -999   A0.0   0  0  0  0  0  0  0
2008 04 26   69      0        0      0    -999   A0.0   0  0  0  1  0  0  0
2008 04 27   68      0        0      0    -999   A0.0   0  0  0  0  0  0  0
2008 04 28   69      0        0      0    -999   A0.0   0  0  0  0  0  0  0
2008 04 29   69      0        0      0    -999   A0.0   0  0  0  0  0  0  0
2008 04 30   67      0        0      0    -999   A0.0   0  0  0  0  0  0  0
2008 05 01   69      0        0      0    -999   A0.0   0  0  0  0  0  0  0
2008 05 02   68      0        0      0    -999   A0.0   0  0  0  0  0  0  0
2008 05 03   67      0        0      0    -999   A0.0   0  0  0  0  0  0  0
2008 05 04   68     13       10      1    -999   A0.0   0  0  0  0  0  0  0
2008 05 05   68     15       20      0    -999   A0.0   0  0  0  0  0  0  0
2008 05 06   67      0        0      0    -999   A0.0   0  0  0  0  0  0  0
2008 05 07   67      0        0      0    -999   A0.0   0  0  0  0  0  0  0
2008 05 08   66      0        0      0    -999   A0.0   0  0  0  0  0  0  0
2008 05 09   67      0        0      0    -999   A0.0   0  0  0  0  0  0  0
2008 05 10   67      0        0      0    -999   A0.0   0  0  0  0  0  0  0
2008 05 11   68      0        0      0    -999   A0.0   0  0  0  0  0  0  0
2008 05 12   68      0        0      0    -999   A0.0   0  0  0  0  0  0  0
2008 05 13   68      0        0      0    -999   A0.0   0  0  0  0  0  0  0
2008 05 14   69      0        0      0    -999   A0.0   0  0  0  0  0  0  0
2008 05 15   71      0        0      0    -999   A0.0   0  0  0  0  0  0  0
2008 05 16   72     34       45      3    -999   A0.0   0  0  0  0  0  0  0
2008 05 17   71     23       30      0    -999   A0.0   0  0  0  0  0  0  0
2008 05 18   72     30       80      0    -999   A0.0   0  0  0  0  0  0  0
2008 05 19   69     28       30      0    -999   A0.0   0  0  0  0  0  0  0
2008 05 20   69     23       20      0    -999   A0.0   0  0  0  0  0  0  0
2008 05 21   69      0        0      0    -999   A0.0   0  0  0  0  0  0  0
2008 05 22   69      0        0      0    -999   A0.0   0  0  0  0  0  0  0
2008 05 23   68      0        0      0    -999   A0.0   0  0  0  0  0  0  0
2008 05 24   69      0        0      0    -999   A0.0   0  0  0  0  0  0  0
2008 05 25   68      0        0      0    -999   A0.0   0  0  0  0  0  0  0
2008 05 26   68     12       10      1    -999   A0.0   0  0  0  0  0  0  0
2008 05 27   68      0        0      0    -999   A0.0   0  0  0  0  0  0  0
2008 05 28   68      0        0      0    -999   A0.0   0  0  0  0  0  0  0
2008 05 29   68      0        0      0    -999   A0.0   0  0  0  0  0  0  0
2008 05 30   67      0        0      0    -999   A0.0   0  0  0  0  0  0  0
2008 05 31   67      0        0      0    -999   A0.0   0  0  0  0  0  0  0
2008 06 01   67      0        0      0    -999   A0.0   0  0  0  0  0  0  0
2008 06 02   67      0        0      0    -999   A0.0   0  0  0  0  0  0  0
2008 06 03   66      0        0      0    -999   A0.0   0  0  0  0  0  0  0
2008 06 04   65      0        0      0    -999   A0.0   0  0  0  0  0  0  0
2008 06 05   66      0        0      0    -999   A0.0   0  0  0  0  0  0  0
2008 06 06   66      0        0      0    -999   A0.0   0  0  0  0  0  0  0
2008 06 07   66      0        0      0    -999   A0.0   0  0  0  0  0  0  0
2008 06 08   65      0        0      0    -999   A0.0   0  0  0  0  0  0  0
2008 06 09   66      0        0      0    -999   A0.0   0  0  0  0  0  0  0
2008 06 10   66     14       40      1    -999   A0.0   0  0  0  0  0  0  0
2008 06 11   66     11       20      0    -999   A0.0   0  0  0  0  0  0  0
2008 06 12   67     13       30      0    -999   A0.0   0  0  0  0  0  0  0
2008 06 13   67     13       20      0    -999   A0.0   0  0  0  0  0  0  0
2008 06 14   67      0        0      0    -999   A0.0   0  0  0  0  0  0  0
2008 06 15   67      0        0      0    -999   A0.0   0  0  0  0  0  0  0
2008 06 16   65     11       20      1    -999   A0.0   0  0  0  0  0  0  0
2008 06 17   66     11       20      0    -999   A0.0   0  0  0  0  0  0  0
2008 06 18   65     11       10      0    -999   A0.0   0  0  0  0  0  0  0
2008 06 19   65     11       10      0    -999   A0.0   0  0  0  0  0  0  0
2008 06 20   65     11       10      0    -999   A0.0   0  0  0  0  0  0  0
2008 06 21   65     11       10      0    -999   A0.0   0  0  0  0  0  0  0
2008 06 22   65     11       10      0    -999   A0.0   0  0  0  0  0  0  0
2008 06 23   65      0        0      0    -999   A0.0   0  0  0  0  0  0  0
2008 06 24   66      0        0      0    -999   A0.0   0  0  0  0  0  0  0
2008 06 25   66      0        0      0    -999   A0.0   0  0  0  0  0  0  0
2008 06 26   65      0        0      0    -999   A0.0   0  0  0  0  0  0  0
2008 06 27   66      0        0      0    -999   A0.0   0  0  0  0  0  0  0
2008 06 28   66      0        0      0    -999   A0.0   0  0  0  0  0  0  0
2008 06 29   67      0        0      0    -999   A0.0   0  0  0  0  0  0  0
2008 06 30   67      0        0      0    -999   A0.0   0  0  0  0  0  0  0
2008 07 01   66      0        0      0    -999   A0.0   0  0  0  0  0  0  0
2008 07 02   66      0        0      0    -999   A0.0   0  0  0  0  0  0  0
2008 07 03   66      0        0      0    -999   A0.0   0  0  0  0  0  0  0
2008 07 04   65      0        0      0    -999   A0.0   0  0  0  0  0  0  0
2008 07 05   66      0        0      0    -999   A0.0   0  0  0  0  0  0  0
2008 07 06   66      0        0      0    -999   A0.0   0  0  0  0  0  0  0
2008 07 07   66      0        0      0    -999   A0.0   0  0  0  0  0  0  0
2008 07 08   66      0        0      0    -999   A0.0   0  0  0  0  0  0  0
2008 07 09   66      0        0      0    -999   A0.0   0  0  0  0  0  0  0
2008 07 10   65      0        0      0    -999   A0.0   0  0  0  0  0  0  0
2008 07 11   66      0        0      0    -999   A0.0   0  0  0  0  0  0  0
2008 07 12   65      0        0      0    -999   A0.0   0  0  0  0  0  0  0
2008 07 13   65      0        0      0    -999   A0.0   0  0  0  0  0  0  0
2008 07 14   66      0        0      0    -999   A0.0   0  0  0  0  0  0  0
2008 07 15   66      0        0      0    -999   A0.0   0  0  0  0  0  0  0
2008 07 16   65      0        0      0    -999   A0.0   0  0  0  0  0  0  0
2008 07 17   65      0        0      0    -999   A0.0   0  0  0  0  0  0  0
2008 07 18   65     11       10      1    -999   A0.0   0  0  0  0  0  0  0
2008 07 19   66     12       20      0    -999   A0.0   0  0  0  0  0  0  0
2008 07 20   66     11       10      0    -999   A0.0   0  0  0  0  0  0  0
2008 07 21   66      0        0      0    -999   A0.0   0  0  0  0  0  0  0
2008 07 22   66      0        0      0    -999   A0.0   0  0  0  0  0  0  0
2008 07 23   66      0        0      0    -999   A0.0   0  0  0  0  0  0  0
2008 07 24   65      0        0      0    -999   A0.0   0  0  0  0  0  0  0
2008 07 25   66      0        0      0    -999   A0.0   0  0  0  0  0  0  0
2008 07 26   66      0        0      0    -999   A0.0   0  0  0  0  0  0  0
2008 07 27   66      0        0      0    -999   A0.0   0  0  0  0  0  0  0
2008 07 28   66      0        0      0    -999   A0.0   0  0  0  0  0  0  0
2008 07 29   67      0        0      0    -999   A0.0   0  0  0  0  0  0  0
2008 07 30   67      0        0      0    -999   A0.0   0  0  0  0  0  0  0
2008 07 31   66      0        0      0    -999   A0.0   0  0  0  0  0  0  0
2008 08 01   66      0        0      0    -999   A0.0   0  0  0  0  0  0  0
2008 08 02   66      0        0      0    -999   A0.0   0  0  0  0  0  0  0
2008 08 03   66      0        0      0    -999   A0.0   0  0  0  0  0  0  0
2008 08 04   66      0        0      0    -999   A0.0   0  0  0  0  0  0  0
2008 08 05   67      0        0      0    -999   A0.0   0  0  0  0  0  0  0
2008 08 06   67      0        0      0    -999   A0.0   0  0  0  0  0  0  0
2008 08 07   66      0        0      0    -999   A0.0   0  0  0  0  0  0  0
2008 08 08   66      0        0      0    -999   A0.0   0  0  0  0  0  0  0
2008 08 09   66      0        0      0    -999   A0.0   0  0  0  0  0  0  0
2008 08 10   66      0        0      0    -999   A0.0   0  0  0  0  0  0  0
2008 08 11   66      0        0      0    -999   A0.0   0  0  0  0  0  0  0
2008 08 12   65      0        0      0    -999   A0.0   0  0  0  0  0  0  0
2008 08 13   65      0        0      0    -999   A0.0   0  0  0  0  0  0  0
2008 08 14   66      0        0      0    -999   A0.0   0  0  0  0  0  0  0
2008 08 15   65      0        0      0    -999   A0.0   0  0  0  0  0  0  0
2008 08 16   66      0        0      0    -999   A0.0   0  0  0  0  0  0  0
2008 08 17   67      0        0      0    -999   A0.0   0  0  0  0  0  0  0
2008 08 18   66      0        0      0    -999   A0.0   0  0  0  0  0  0  0
2008 08 19   67      0        0      0    -999   A0.0   0  0  0  0  0  0  0
2008 08 20   66      0        0      0    -999   A0.0   0  0  0  0  0  0  0
2008 08 21   67      0        0      0    -999   A0.0   0  0  0  0  0  0  0
2008 08 22   68      0        0      0    -999   A0.0   0  0  0  0  0  0  0
2008 08 23   68      0        0      0    -999   A0.0   0  0  0  0  0  0  0
2008 08 24   67      0        0      0    -999   A0.0   0  0  0  0  0  0  0
2008 08 25   67      0        0      0    -999   A0.0   0  0  0  0  0  0  0
2008 08 26   67      0        0      0    -999   A0.0   0  0  0  0  0  0  0
2008 08 27   67      0        0      0    -999   A0.0   0  0  0  0  0  0  0
2008 08 28   66      0        0      0    -999   A0.0   0  0  0  0  0  0  0
2008 08 29   67      0        0      0    -999   A0.0   0  0  0  0  0  0  0
2008 08 30   67      0        0      0    -999   A0.0   0  0  0  0  0  0  0
2008 08 31   67      0        0      0    -999   A0.0   0  0  0  0  0  0  0
2008 09 01   66      0        0      0    -999   A0.0   0  0  0  0  0  0  0
2008 09 02   66      0        0      0    -999   A0.0   0  0  0  0  0  0  0
2008 09 03   66      0        0      0    -999   A0.0   0  0  0  0  0  0  0
2008 09 04   66      0        0      0    -999   A0.0   0  0  0  0  0  0  0
2008 09 05   65      0        0      0    -999   A0.0   0  0  0  0  0  0  0
2008 09 06   66      0        0      0    -999   A0.0   0  0  0  0  0  0  0
2008 09 07   67      0        0      0    -999   A0.0   0  0  0  0  0  0  0
2008 09 08   67      0        0      0    -999   A0.0   0  0  0  0  0  0  0
2008 09 09   67      0        0      0    -999   A0.0   0  0  0  0  0  0  0
2008 09 10   67      0        0      0    -999   A0.0   0  0  0  0  0  0  0
2008 09 11   67     12       20      1    -999   A0.0   0  0  0  0  0  0  0
2008 09 12   66      0        0      0    -999   A0.0   0  0  0  0  0  0  0
2008 09 13   66      0        0      0    -999   A0.0   0  0  0  0  0  0  0
2008 09 14   67      0        0      0    -999   A0.0   0  0  0  0  0  0  0
2008 09 15   68      0        0      0    -999   A0.0   0  0  0  0  0  0  0
2008 09 16   69      0        0      0    -999   A0.0   0  0  0  0  0  0  0
2008 09 17   67      0        0      0    -999   A0.0   0  0  0  0  0  0  0
2008 09 18   67      0        0      0    -999   A0.0   0  0  0  0  0  0  0
2008 09 19   68      0        0      0    -999   A0.0   0  0  0  0  0  0  0
2008 09 20   68      0        0      0    -999   A0.0   0  0  0  0  0  0  0
2008 09 21   68      0        0      0    -999   A0.0   0  0  0  0  0  0  0
2008 09 22   69     18       30      1    -999   A0.0   0  0  0  0  0  0  0
2008 09 23   69     16       20      0    -999   A0.0   0  0  0  0  0  0  0
2008 09 24   68      0        0      0    -999   A0.0   0  0  0  0  0  0  0
2008 09 25   68      0        0      0    -999   A0.0   0  0  0  0  0  0  0
2008 09 26   68      0        0      0    -999   A0.0   0  0  0  0  0  0  0
2008 09 27   67      0        0      0    -999   A0.0   0  0  0  0  0  0  0
2008 09 28   67      0        0      0    -999   A0.0   0  0  0  0  0  0  0
2008 09 29   67      0        0      0    -999   A0.0   0  0  0  0  0  0  0
2008 09 30   66      0        0      0    -999   A0.0   0  0  0  0  0  0  0
2008 10 01   66      0        0      0    -999   A0.0   0  0  0  0  0  0  0
2008 10 02   66      0        0      0    -999   A0.0   0  0  0  0  0  0  0
2008 10 03   67      0        0      0    -999   A0.0   0  0  0  0  0  0  0
2008 10 04   67     12       10      1    -999   A0.0   0  0  0  0  0  0  0
2008 10 05   67      0        0      0    -999   A0.0   0  0  0  0  0  0  0
2008 10 06   67      0        0      0    -999   A0.0   0  0  0  0  0  0  0
2008 10 07   67      0        0      0    -999   A0.0   0  0  0  0  0  0  0
2008 10 08   68      0        0      0    -999   A0.0   0  0  0  0  0  0  0
2008 10 09   69      0        0      0    -999   A0.0   0  0  0  0  0  0  0
2008 10 10   69     12       10      1    -999   A0.0   0  0  0  0  0  0  0
2008 10 11   71     16       40      1    -999   A0.0   0  0  0  0  0  0  0
2008 10 12   70     16       70      0    -999   A0.0   0  0  0  0  0  0  0
2008 10 13   71     15       40      0    -999   A0.0   0  0  0  0  0  0  0
2008 10 14   70     14       20      0    -999   A0.0   0  0  0  0  0  0  0
2008 10 15   71     13       30      0    -999   A0.0   0  0  0  0  0  0  0
2008 10 16   72     24       50      1    -999   A0.0   0  0  0  0  0  0  0
2008 10 17   70     11       30      0    -999   A0.0   0  0  0  0  0  0  0
2008 10 18   69      0        0      0    -999   A0.0   0  0  0  0  0  0  0
2008 10 19   70      0        0      0    -999   A0.0   0  0  0  0  0  0  0
2008 10 20   69      0        0      0    -999   A0.0   0  0  0  0  0  0  0
2008 10 21   69      0        0      0    -999   A0.0   0  0  0  0  0  0  0
2008 10 22   68      0        0      0    -999   A0.0   0  0  0  0  0  0  0
2008 10 23   67      0        0      0    -999   A0.0   0  0  0  0  0  0  0
2008 10 24   68      0        0      0    -999   A0.0   0  0  0  0  0  0  0
2008 10 25   68      0        0      0    -999   A0.0   0  0  0  0  0  0  0
2008 10 26   67      0        0      0    -999   A0.0   0  0  0  0  0  0  0
2008 10 27   67      0        0      0    -999   A0.0   0  0  0  0  0  0  0
2008 10 28   67      0        0      0    -999   A0.0   0  0  0  0  0  0  0
2008 10 29   67      0        0      0    -999   A0.0   0  0  0  0  0  0  0
2008 10 30   67     13       20      1    -999   A0.0   0  0  0  0  0  0  0
2008 10 31   68     16       30      0    -999   A0.0   0  0  0  0  0  0  0
2008 11 01   67     16       20      0    -999   A0.0   0  0  0  0  0  0  0
2008 11 02   69     17       60      0    -999   A0.0   0  0  0  2  0  0  0
2008 11 03   70     18       80      0    -999   A0.0   1  0  0  1  0  0  0
2008 11 04   68     14       60      0    -999   A0.0   1  0  0  1  0  0  0
2008 11 05   68     11       30      0    -999   A0.0   0  0  0  0  0  0  0
2008 11 06   69     11       30      0    -999   A0.0   0  0  0  0  0  0  0
2008 11 07   68      0        0      0    -999   A0.0   0  0  0  0  0  0  0
2008 11 08   68      0        0      0    -999   A0.0   0  0  0  0  0  0  0
2008 11 09   68      0        0      0    -999   A0.0   0  0  0  0  0  0  0
2008 11 10   69     16       40      1    -999   A0.0   0  0  0  0  0  0  0
2008 11 11   71     18       80      0    -999   A0.0   0  0  0  0  0  0  0
2008 11 12   71     21       80      0    -999   A0.0   0  0  0  0  0  0  0
2008 11 13   69     16       70      0    -999   A0.0   0  0  0  0  0  0  0
2008 11 14   68     12       30      0    -999   A0.0   0  0  0  0  0  0  0
2008 11 15   68     11       50      0    -999   A0.0   0  0  0  0  0  0  0
2008 11 16   68     11       40      0    -999   A0.0   0  0  0  0  0  0  0
2008 11 17   68     11       10      0    -999   A0.0   0  0  0  0  0  0  0
2008 11 18   70      0        0      0    -999   A0.0   0  0  0  0  0  0  0
2008 11 19   69      0        0      0    -999   A0.0   0  0  0  0  0  0  0
2008 11 20   70      0        0      0    -999   A0.0   0  0  0  0  0  0  0
2008 11 21   69      0        0      0    -999   A0.0   0  0  0  0  0  0  0
2008 11 22   69      0        0      0    -999   A0.0   0  0  0  0  0  0  0
2008 11 23   69      0        0      0    -999   A0.0   0  0  0  0  0  0  0
2008 11 24   68      0        0      0    -999   A0.0   0  0  0  0  0  0  0
2008 11 25   68      0        0      0    -999   A0.0   0  0  0  0  0  0  0
2008 11 26   68      0        0      0    -999   A0.0   0  0  0  0  0  0  0
2008 11 27   68      0        0      0    -999   A0.0   0  0  0  0  0  0  0
2008 11 28   67      0        0      0    -999   A0.0   0  0  0  0  0  0  0
2008 11 29   68      0        0      0    -999   A0.0   0  0  0  0  0  0  0
2008 11 30   68      0        0      0    -999   A0.0   0  0  0  0  0  0  0
2008 12 01   68      0        0      0    -999   A0.0   0  0  0  0  0  0  0
2008 12 02   69      0        0      0    -999   A0.0   0  0  0  0  0  0  0
2008 12 03   69      0        0      0    -999   A0.0   0  0  0  0  0  0  0
2008 12 04   70      0        0      0    -999   A0.0   0  0  0  0  0  0  0
2008 12 05   69      0        0      0    -999   A0.0   0  0  0  0  0  0  0
2008 12 06   69      0        0      0    -999   A0.0   0  0  0  0  0  0  0
2008 12 07   69      0        0      0    -999   A0.0   0  0  0  0  0  0  0
2008 12 08   69      0        0      0    -999   A0.0   0  0  0  0  0  0  0
2008 12 09   69      0        0      0    -999   A0.0   0  0  0  0  0  0  0
2008 12 10   71     13       50      1    -999   A0.0   0  0  0  0  0  0  0
2008 12 11   70     12       20      0    -999   A0.0   1  0  0  0  0  0  0
2008 12 12   71     14       20      0    -999   A0.0   0  0  0  0  0  0  0
2008 12 13   70      0        0      0    -999   A0.0   0  0  0  0  0  0  0
2008 12 14   69      0        0      0    -999   A0.0   0  0  0  0  0  0  0
2008 12 15   69      0        0      0    -999   A0.0   0  0  0  0  0  0  0
2008 12 16   69      0        0      0    -999   A0.0   0  0  0  0  0  0  0
2008 12 17   69      0        0      0    -999   A0.0   0  0  0  0  0  0  0
2008 12 18   68      0        0      0    -999   A0.0   0  0  0  0  0  0  0
2008 12 19   69      0        0      0    -999   A0.0   0  0  0  0  0  0  0
2008 12 20   69      0        0      0    -999   A0.0   0  0  0  0  0  0  0
2008 12 21   68      0        0      0    -999   A0.0   0  0  0  0  0  0  0
2008 12 22   68      0        0      0    -999   A0.0   0  0  0  0  0  0  0
2008 12 23   69      0        0      0    -999   A0.0   0  0  0  0  0  0  0
2008 12 24   69      0        0      0    -999   A0.0   0  0  0  0  0  0  0
2008 12 25   69      0        0      0    -999   A0.0   0  0  0  0  0  0  0
2008 12 26   69      0        0      0    -999   A0.0   0  0  0  0  0  0  0
2008 12 27   69      0        0      0    -999   A0.0   0  0  0  0  0  0  0
2008 12 28   70      0        0      0    -999   A0.0   0  0  0  0  0  0  0
2008 12 29   70      0        0      0    -999   A0.0   0  0  0  0  0  0  0
2008 12 30   69      0        0      0    -999   A0.0   0  0  0  0  0  0  0
2008 12 31   69      0        0      0    -999   A0.0   0  0  0  0  0  0  0
