3.83013275683e+11	0.0
3.83013275757e+11	0.2890625
3.83013276101e+11	1.34375
3.83013276187e+11	0.3359375
3.83013276263e+11	0.296875
3.83013276456e+11	0.75390625
3.83013276611e+11	0.60546875
3.83013276833e+11	0.8671875
3.83013276922e+11	0.34765625
3.83013277093e+11	0.66796875
3.83013277177e+11	0.328125
3.83013277398e+11	0.86328125
3.83013277642e+11	0.953125
3.83013277723e+11	0.31640625
3.83013277828e+11	0.41015625
3.83013277913e+11	0.33203125
3.83013278008e+11	0.37109375
3.83013278358e+11	1.3671875
3.83013278476e+11	0.4609375
3.8301327866e+11	0.71875
3.83013278782e+11	0.4765625
3.83013279107e+11	1.26953125
3.83013279318e+11	0.82421875
3.83013279431e+11	0.44140625
3.83013279655e+11	0.875
3.83013280007e+11	1.375
3.83013280408e+11	1.56640625
3.83013280569e+11	0.62890625
3.83013280862e+11	1.14453125
3.83013280936e+11	0.2890625
3.83013281016e+11	0.3125
3.83013281094e+11	0.3046875
3.83013281238e+11	0.5625
3.83013281304e+11	0.2578125
3.8301328146e+11	0.609375
3.83013281598e+11	0.5390625
3.83013281756e+11	0.6171875
3.83013281946e+11	0.7421875
3.83013282103e+11	0.61328125
3.83013282326e+11	0.87109375
3.83013282428e+11	0.3984375
3.8301328258e+11	0.59375
3.83013282752e+11	0.671875
3.83013282858e+11	0.4140625
3.83013283049e+11	0.74609375
3.83013283185e+11	0.53125
3.8301328335e+11	0.64453125
3.83013283423e+11	0.28515625
3.83013283575e+11	0.59375
3.8301328404e+11	1.81640625
3.83013284332e+11	1.140625
3.830132848e+11	1.828125
3.83013284904e+11	0.40625
3.83013285162e+11	1.0078125
3.83013285301e+11	0.54296875
3.83013285433e+11	0.515625
3.8301328559e+11	0.61328125
3.83013285772e+11	0.7109375
3.8301328614e+11	1.4375
3.83013286308e+11	0.65625
3.8301328662e+11	1.21875
3.83013286766e+11	0.5703125
3.83013287066e+11	1.171875
3.83013287479e+11	1.61328125
3.83013287553e+11	0.2890625
3.8301328771e+11	0.61328125
3.83013287925e+11	0.83984375
3.83013288152e+11	0.88671875
3.830132883e+11	0.578125
3.83013288577e+11	1.08203125
3.83013288675e+11	0.3828125
3.83013288812e+11	0.53515625
3.83013288963e+11	0.58984375
3.8301328908e+11	0.45703125
3.83013289223e+11	0.55859375
3.83013289345e+11	0.4765625
3.83013289615e+11	1.0546875
3.83013289841e+11	0.8828125
3.83013290006e+11	0.64453125
3.83013290084e+11	0.3046875
3.83013290238e+11	0.6015625
3.83013290309e+11	0.27734375
3.83013290734e+11	1.66015625
3.83013290865e+11	0.51171875
3.83013291009e+11	0.5625
3.83013291156e+11	0.57421875
3.83013291287e+11	0.51171875
3.8301329142e+11	0.51953125
3.83013291588e+11	0.65625
3.83013291705e+11	0.45703125
3.83013291848e+11	0.55859375
3.83013291993e+11	0.56640625
3.83013292127e+11	0.5234375
3.83013292325e+11	0.7734375
3.83013292416e+11	0.35546875
3.83013292566e+11	0.5859375
3.83013292671e+11	0.41015625
3.83013292832e+11	0.62890625
3.8301329299e+11	0.6171875
3.8301329315e+11	0.625
3.83013293346e+11	0.765625
3.83013293471e+11	0.48828125
3.83013293785e+11	1.2265625
3.83013294004e+11	0.85546875
3.83013294246e+11	0.9453125
3.83013294355e+11	0.42578125
3.83013294643e+11	1.125
3.83013294799e+11	0.609375
3.83013295028e+11	0.89453125
3.83013295216e+11	0.734375
3.8301329535e+11	0.5234375
3.83013295604e+11	0.9921875
3.83013296009e+11	1.58203125
3.83013296165e+11	0.609375
3.83013296393e+11	0.890625
3.83013296581e+11	0.734375
3.83013296681e+11	0.390625
3.83013296886e+11	0.80078125
3.83013297071e+11	0.72265625
3.83013297137e+11	0.2578125
3.83013297356e+11	0.85546875
3.83013297524e+11	0.65625
3.83013297636e+11	0.4375
3.83013297731e+11	0.37109375
3.83013297943e+11	0.828125
3.83013298034e+11	0.35546875
3.8301329819e+11	0.609375
3.83013298408e+11	0.8515625
3.83013298536e+11	0.5
3.83013298687e+11	0.58984375
3.8301329888e+11	0.75390625
3.83013299153e+11	1.06640625
3.83013299388e+11	0.91796875
3.83013299485e+11	0.37890625
3.83013299692e+11	0.80859375
3.83013299935e+11	0.94921875
3.83013300054e+11	0.46484375
3.83013300333e+11	1.08984375
3.83013300473e+11	0.546875
3.83013300631e+11	0.6171875
3.83013300838e+11	0.80859375
3.83013301226e+11	1.515625
3.83013301322e+11	0.375
3.83013301542e+11	0.859375
3.83013301753e+11	0.82421875
3.8301330182e+11	0.26171875
3.83013302031e+11	0.82421875
3.83013302233e+11	0.7890625
3.83013302384e+11	0.58984375
3.83013302501e+11	0.45703125
3.83013302587e+11	0.3359375
3.8301330273e+11	0.55859375
3.83013302868e+11	0.5390625
3.83013302969e+11	0.39453125
3.83013303123e+11	0.6015625
3.83013303216e+11	0.36328125
3.83013303283e+11	0.26171875
3.83013303389e+11	0.4140625
3.83013303713e+11	1.265625
3.83013303795e+11	0.3203125
3.83013303942e+11	0.57421875
3.83013304091e+11	0.58203125
3.83013304269e+11	0.6953125
3.83013304355e+11	0.3359375
3.83013304628e+11	1.06640625
3.83013304797e+11	0.66015625
3.83013304994e+11	0.76953125
3.83013305078e+11	0.328125
3.83013305298e+11	0.859375
3.83013305437e+11	0.54296875
3.83013305563e+11	0.4921875
3.83013305753e+11	0.7421875
3.83013305983e+11	0.8984375
3.83013306207e+11	0.875
3.83013306301e+11	0.3671875
3.83013306466e+11	0.64453125
3.83013306634e+11	0.65625
3.83013306771e+11	0.53515625
3.83013306851e+11	0.3125
3.83013307186e+11	1.30859375
3.83013307362e+11	0.6875
3.83013307566e+11	0.796875
3.83013307894e+11	1.28125
3.83013308204e+11	1.2109375
3.83013308352e+11	0.578125
3.83013308571e+11	0.85546875
3.83013308946e+11	1.46484375
3.83013309028e+11	0.3203125
3.83013309197e+11	0.66015625
3.83013309415e+11	0.8515625
3.83013309495e+11	0.3125
3.83013309958e+11	1.80859375
3.83013310093e+11	0.52734375
3.83013310257e+11	0.640625
3.8301331054e+11	1.10546875
3.83013310661e+11	0.47265625
3.83013310857e+11	0.765625
3.83013311098e+11	0.94140625
3.83013311174e+11	0.296875
3.83013311289e+11	0.44921875
3.83013311406e+11	0.45703125
3.83013311538e+11	0.515625
3.83013311634e+11	0.375
3.83013311821e+11	0.73046875
3.83013312011e+11	0.7421875
3.83013312242e+11	0.90234375
3.8301331251e+11	1.046875
3.83013312814e+11	1.1875
3.83013312966e+11	0.59375
3.83013313154e+11	0.734375
3.8301331327e+11	0.453125
3.83013313468e+11	0.7734375
3.83013313763e+11	1.15234375
3.83013313919e+11	0.609375
3.83013314104e+11	0.72265625
3.83013314297e+11	0.75390625
3.83013314474e+11	0.69140625
3.83013314587e+11	0.44140625
3.83013314749e+11	0.6328125
3.83013314868e+11	0.46484375
3.83013314984e+11	0.453125
3.83013315081e+11	0.37890625
3.8301331526e+11	0.69921875
3.83013315364e+11	0.40625
3.83013315457e+11	0.36328125
3.83013315689e+11	0.90625
3.83013315787e+11	0.3828125
3.83013316089e+11	1.1796875
3.83013316253e+11	0.640625
3.83013316328e+11	0.29296875
3.83013316399e+11	0.27734375
3.83013316507e+11	0.421875
3.83013316688e+11	0.70703125
3.83013316758e+11	0.2734375
3.83013316907e+11	0.58203125
3.83013316987e+11	0.3125
3.83013317146e+11	0.62109375
3.83013317318e+11	0.671875
3.83013317457e+11	0.54296875
3.8301331757e+11	0.44140625
3.83013317729e+11	0.62109375
3.83013317795e+11	0.2578125
3.83013317915e+11	0.46875
3.83013318061e+11	0.5703125
3.83013318226e+11	0.64453125
3.83013318467e+11	0.94140625
3.83013318749e+11	1.1015625
3.83013318877e+11	0.5
3.83013318995e+11	0.4609375
3.83013319079e+11	0.328125
3.83013319243e+11	0.640625
3.83013319348e+11	0.41015625
3.83013319446e+11	0.3828125
3.83013319655e+11	0.81640625
3.83013319816e+11	0.62890625
3.83013319954e+11	0.5390625
3.83013320021e+11	0.26171875
3.83013320096e+11	0.29296875
3.83013320333e+11	0.92578125
3.83013320515e+11	0.7109375
3.8301332058e+11	0.25390625
3.83013320754e+11	0.6796875
3.83013321024e+11	1.0546875
3.83013321387e+11	1.41796875
3.83013321595e+11	0.8125
3.83013321706e+11	0.43359375
3.8301332183e+11	0.484375
3.83013321993e+11	0.63671875
3.83013322212e+11	0.85546875
3.83013322388e+11	0.6875
3.83013322478e+11	0.3515625
3.83013322592e+11	0.4453125
3.83013322723e+11	0.51171875
3.83013322935e+11	0.828125
3.83013323196e+11	1.01953125
3.83013323308e+11	0.4375
3.83013323637e+11	1.28515625
3.83013323768e+11	0.51171875
3.83013323918e+11	0.5859375
3.83013324054e+11	0.53125
3.83013324191e+11	0.53515625
3.83013324337e+11	0.5703125
3.83013324483e+11	0.5703125
3.83013324627e+11	0.5625
3.83013324779e+11	0.59375
3.83013324903e+11	0.484375
3.83013325076e+11	0.67578125
3.83013325253e+11	0.69140625
3.83013325328e+11	0.29296875
3.83013325605e+11	1.08203125
3.83013325744e+11	0.54296875
3.8301332582e+11	0.296875
3.8301332595e+11	0.5078125
3.8301332602e+11	0.2734375
3.83013326227e+11	0.80859375
3.83013326471e+11	0.953125
3.83013326575e+11	0.40625
3.83013326686e+11	0.43359375
3.83013326808e+11	0.4765625
3.83013327028e+11	0.859375
3.83013327135e+11	0.41796875
3.83013327239e+11	0.40625
3.83013327464e+11	0.87890625
3.83013327577e+11	0.44140625
3.8301332793e+11	1.37890625
3.83013328109e+11	0.69921875
3.83013328233e+11	0.484375
3.83013328367e+11	0.5234375
3.83013328512e+11	0.56640625
3.83013328673e+11	0.62890625
3.83013328913e+11	0.9375
3.83013329075e+11	0.6328125
3.83013329187e+11	0.4375
3.83013329302e+11	0.44921875
3.83013329512e+11	0.8203125
3.83013329683e+11	0.66796875
3.83013329792e+11	0.42578125
3.83013329893e+11	0.39453125
3.83013330124e+11	0.90234375
3.83013330191e+11	0.26171875
3.83013330303e+11	0.4375
3.83013330395e+11	0.359375
3.83013330632e+11	0.92578125
3.83013330841e+11	0.81640625
3.8301333097e+11	0.50390625
3.83013331121e+11	0.58984375
3.83013331303e+11	0.7109375
3.8301333155e+11	0.96484375
3.83013331674e+11	0.484375
3.83013331759e+11	0.33203125
3.83013331923e+11	0.640625
3.8301333207e+11	0.57421875
3.83013332193e+11	0.48046875
3.8301333239e+11	0.76953125
3.83013332492e+11	0.3984375
3.83013332633e+11	0.55078125
3.83013332906e+11	1.06640625
3.83013333007e+11	0.39453125
3.8301333313e+11	0.48046875
3.83013333245e+11	0.44921875
3.83013333387e+11	0.5546875
3.83013333617e+11	0.8984375
3.83013333829e+11	0.828125
3.83013334005e+11	0.6875
3.83013334261e+11	1.0
3.8301333438e+11	0.46484375
3.8301333447e+11	0.3515625
3.83013334628e+11	0.6171875
3.83013334764e+11	0.53125
3.83013334902e+11	0.5390625
3.83013335046e+11	0.5625
3.83013335284e+11	0.9296875
3.83013335361e+11	0.30078125
3.83013335461e+11	0.390625
3.83013335563e+11	0.3984375
3.8301333586e+11	1.16015625
3.83013336051e+11	0.74609375
3.83013336164e+11	0.44140625
3.8301333642e+11	1.0
3.83013336674e+11	0.9921875
3.83013336765e+11	0.35546875
3.83013337036e+11	1.05859375
3.83013337102e+11	0.2578125
3.83013337231e+11	0.50390625
3.83013337389e+11	0.6171875
3.8301333755e+11	0.62890625
3.83013337642e+11	0.359375
3.83013337748e+11	0.4140625
3.83013337876e+11	0.5
3.8301333814e+11	1.03125
3.83013338384e+11	0.953125
3.83013338465e+11	0.31640625
3.83013338659e+11	0.7578125
3.83013338936e+11	1.08203125
3.8301333931e+11	1.4609375
3.83013339448e+11	0.5390625
3.83013339597e+11	0.58203125
3.83013339718e+11	0.47265625
3.83013339906e+11	0.734375
3.8301334005e+11	0.5625
3.83013340313e+11	1.02734375
3.8301334042e+11	0.41796875
3.8301334051e+11	0.3515625
3.83013340599e+11	0.34765625
3.8301334081e+11	0.82421875
3.83013341046e+11	0.921875
3.8301334117e+11	0.484375
3.83013341244e+11	0.2890625
3.83013341397e+11	0.59765625
3.83013341517e+11	0.46875
3.83013341609e+11	0.359375
3.83013341753e+11	0.5625
3.83013341858e+11	0.41015625
3.8301334213e+11	1.0625
3.83013342318e+11	0.734375
3.83013342506e+11	0.734375
3.83013342646e+11	0.546875
3.83013342782e+11	0.53125
3.83013342869e+11	0.33984375
3.83013343026e+11	0.61328125
3.830133431e+11	0.2890625
3.83013343201e+11	0.39453125
3.83013343326e+11	0.48828125
3.83013343495e+11	0.66015625
3.83013343668e+11	0.67578125
3.83013343935e+11	1.04296875
3.83013344035e+11	0.390625
3.83013344249e+11	0.8359375
3.83013344373e+11	0.484375
3.83013344526e+11	0.59765625
3.83013344645e+11	0.46484375
3.83013344717e+11	0.28125
3.83013344835e+11	0.4609375
3.83013345063e+11	0.890625
3.83013345169e+11	0.4140625
3.83013345272e+11	0.40234375
3.83013345399e+11	0.49609375
3.83013345543e+11	0.5625
3.83013345623e+11	0.3125
3.83013345771e+11	0.578125
3.83013345906e+11	0.52734375
3.8301334602e+11	0.4453125
3.83013346165e+11	0.56640625
3.83013346255e+11	0.3515625
3.83013346468e+11	0.83203125
3.83013346633e+11	0.64453125
3.83013346785e+11	0.59375
3.83013346919e+11	0.5234375
3.83013347094e+11	0.68359375
3.83013347173e+11	0.30859375
3.83013347537e+11	1.421875
3.83013347726e+11	0.73828125
3.83013347892e+11	0.6484375
3.83013348071e+11	0.69921875
3.83013348151e+11	0.3125
3.83013348275e+11	0.484375
3.83013348414e+11	0.54296875
3.83013348527e+11	0.44140625
3.83013348683e+11	0.609375
3.83013348811e+11	0.5
3.83013348961e+11	0.5859375
3.83013349066e+11	0.41015625
3.83013349214e+11	0.578125
3.83013349388e+11	0.6796875
3.83013349502e+11	0.4453125
3.83013349832e+11	1.2890625
3.83013349915e+11	0.32421875
3.83013350043e+11	0.5
3.8301335012e+11	0.30078125
3.83013350218e+11	0.3828125
3.83013350314e+11	0.375
3.83013350451e+11	0.53515625
3.83013350523e+11	0.28125
3.83013350684e+11	0.62890625
3.83013350768e+11	0.328125
3.83013351005e+11	0.92578125
3.8301335109e+11	0.33203125
3.83013351341e+11	0.98046875
3.83013351421e+11	0.3125
3.83013351529e+11	0.421875
3.83013351772e+11	0.94921875
3.83013351881e+11	0.42578125
3.8301335224e+11	1.40234375
3.83013352337e+11	0.37890625
3.83013352552e+11	0.83984375
3.83013352664e+11	0.4375
3.83013352808e+11	0.5625
3.83013352946e+11	0.5390625
3.83013353074e+11	0.5
3.83013353282e+11	0.8125
3.83013353439e+11	0.61328125
3.83013353676e+11	0.92578125
3.83013353869e+11	0.75390625
3.8301335402e+11	0.58984375
3.8301335415e+11	0.5078125
3.83013354608e+11	1.7890625
3.83013354919e+11	1.21484375
3.83013355104e+11	0.72265625
3.83013355289e+11	0.72265625
3.83013355385e+11	0.375
3.83013355716e+11	1.29296875
3.8301335592e+11	0.796875
3.83013356131e+11	0.82421875
3.83013356544e+11	1.61328125
3.83013356699e+11	0.60546875
3.8301335689e+11	0.74609375
3.83013356996e+11	0.4140625
3.83013357121e+11	0.48828125
3.83013357461e+11	1.328125
3.83013357564e+11	0.40234375
3.83013357701e+11	0.53515625
3.83013357869e+11	0.65625
3.83013358174e+11	1.19140625
3.8301335841e+11	0.921875
3.83013358572e+11	0.6328125
3.83013358697e+11	0.48828125
3.83013358793e+11	0.375
3.83013359045e+11	0.984375
3.83013359235e+11	0.7421875
3.83013359394e+11	0.62109375
3.83013359505e+11	0.43359375
3.83013359792e+11	1.12109375
3.83013359869e+11	0.30078125
3.83013359994e+11	0.48828125
3.83013360125e+11	0.51171875
3.83013360254e+11	0.50390625
3.83013360412e+11	0.6171875
3.83013360757e+11	1.34765625
3.83013361083e+11	1.2734375
3.83013361221e+11	0.5390625
3.83013361331e+11	0.4296875
3.83013361548e+11	0.84765625
3.83013361657e+11	0.42578125
3.83013361741e+11	0.328125
3.83013361941e+11	0.78125
3.83013362054e+11	0.44140625
3.83013362174e+11	0.46875
3.83013362322e+11	0.578125
3.83013362398e+11	0.296875
3.83013362563e+11	0.64453125
3.83013362756e+11	0.75390625
3.83013362982e+11	0.8828125
3.83013363087e+11	0.41015625
3.83013363163e+11	0.296875
3.83013363246e+11	0.32421875
3.83013363321e+11	0.29296875
3.83013363518e+11	0.76953125
3.83013363619e+11	0.39453125
3.83013363753e+11	0.5234375
3.83013363903e+11	0.5859375
3.8301336402e+11	0.45703125
3.83013364153e+11	0.51953125
3.83013364441e+11	1.125
3.83013364647e+11	0.8046875
3.83013364728e+11	0.31640625
3.83013364839e+11	0.43359375
3.83013364962e+11	0.48046875
3.83013365079e+11	0.45703125
3.83013365368e+11	1.12890625
3.83013365478e+11	0.4296875
3.83013365632e+11	0.6015625
3.830133659e+11	1.046875
3.83013365988e+11	0.34375
3.83013366188e+11	0.78125
3.83013366434e+11	0.9609375
3.83013366793e+11	1.40234375
3.83013366981e+11	0.734375
3.83013367081e+11	0.390625
3.83013367159e+11	0.3046875
3.83013367235e+11	0.296875
3.83013367336e+11	0.39453125
3.83013367505e+11	0.66015625
3.83013367636e+11	0.51171875
3.83013367728e+11	0.359375
